0.6593452107589445
1.6903353125375629
2.4651047654446554
2.326816469046201
1.5420951099728992
0.8705753936059516
0.5561951301022863
0.5161894009289795
0.5424980941891776
0.6950392883790437
0.6454801702777937
0.30066417333482864
0.11711626374081138
0.30965872694544005
0.7578924649965931
1.2328378737047536
1.5779304514163368
1.3454836545328057
0.6770755778457259
0.6833063946686718
1.8740069184187051
2.8254003025683896
2.587368349716027
3.3773984507918198
5.119442672029328
5.743032747418477
4.735052150774084
3.506259754890523
3.081396638539152
2.8647313170614623
2.305476431820515
1.1028574122518724
0.3377766652180019
0.5559274696507566
1.0403935796640977
0.8831528766107639
0.35895315803418987
0.17553759194642268
0.5516309381840981
1.1525397006508822
1.4255201140132063
1.4530685570404314
1.3093940331134706
1.4133441216856888
2.008865169904452
2.6953039617526056
3.187704643498444
3.50194959005683
3.7166469655978522
3.7354224473676
2.9093365158880995
1.9746919932072282
2.2818366629496882
2.762002884730692
1.8066133171886418
0.9696936298084519
0.6766354526676098
0.4091799405447496
0.5964890607023656
1.0488542990911647
0.9371438431239519
0.5964950075804246
0.520756566286197
0.5604946350079741
0.9155703197890135
1.6719226869442878
2.197094494836359
1.7887653433555102
1.5163573986775525
1.950305551314532
2.2869270025624453
1.9998602092572377
1.7086351748696809
1.9955636777905794
2.236963420344871
1.7488919576884534
1.1928442911789667
1.1614004240357287
0.89214891694089
0.350221804716564
0.06299146700185843
0.009399017726935556
0.06298849356282897
0.34995563098454896
0.8831573367693081
1.049257276487974
0.6639108893966474
0.8213210837375382
1.8875817447642034
2.6313429955476306
2.28239549826702
1.8967472763818864
1.9237306843223185
1.7851364762981619
1.7623213331500327
1.8116157642387822
2.0178435000356494
2.2058228747149555
1.546926962342617
1.0589893299119644
1.4076691667410453
1.528765390394808
0.9911377830761694
0.3636511801781429
0.13054266576336082
0.4130764680536281
1.1791130809235808
1.685200138654523
1.2328378737047538
0.6504830006545832
0.47106361795918217
0.30979553061023446
0.40877696314794015
0.9501761880667804
1.390481554154897
1.4389480027552704
1.3817991119394486
1.6859170974926592
2.5512128270618013
2.76603213907247
2.2372712020167373
1.624034523471092
1.3493953021282332
1.530177604888421
1.7078935982244072
1.8297280417577648
1.439113033884283
1.583190535208053
1.855468726492141
1.0225489625966449
0.22536883065774674
0.09011639165703128
0.4763326220679869
1.587357696607491
2.8643132195781034
2.9224758076492736
1.9378516219341284
1.3816462274579557
1.4090653004179596
2.090800506570751
3.7479179846878545
4.671497135404947
4.4878142921923
4.066728609883943
3.039999761836841
2.2209280482897826
2.0178582367955498
2.000530847105577
1.9998616959767526
1.9954313342843293
1.9415712245578767
1.7037661747186563
1.3500864809518152
1.2466672531241125
1.1658322724476666
0.8925860686799768
0.9955651713295633
1.0532861475031026
0.5923293329005016
0.35922081848571963
0.47549843981014966
0.6554471965305514
1.3001273588927853
2.0895482268295544
2.317401370502567
2.0184155853933663
1.6949175979813293
2.0275514028273167
2.434911691323099
2.7036293642343927
2.852040544806128
3.151560164098873
3.1161212169561345
1.9280231389570823
1.2746528478904244
1.3672458660737454
1.238474194148576
1.0627208262918302
1.1125461181250953
1.488505634137006
1.8518740337770698
1.7259151401769905
1.5073256972856346
1.2642623032656144
1.2206678282552952
1.7848703025661465
2.4567940997227686
2.3455178220556143
2.4348150088786413
3.017576936157516
2.9144287255470216
2.565749992110806
2.376809908110224
2.7137346808714593
3.6947641738715333
4.465234121872938
4.326678165022953
3.537526444257229
2.8121451314443133
2.259825987875663
1.861708716523577
1.730616135759973
1.5611456857917507
0.865184705918902
0.6786053990856894
1.6229003764656116
2.2597930473614984
1.5528695777387902
1.7449330647401105
3.5389104312866233
5.415910353107636
6.322247406364942
5.873672262428574
6.445560948804474
7.432174007188227
7.127208009503245
7.5318414383247525
7.940437483603834
5.972164911577387
4.579757496397908
3.9133341791805116
2.5353682297832476
1.2469867981168492
0.8309847884769741
1.4393509801520799
1.9552576005429803
1.5735062894933745
1.431355256601669
1.743505730159948
2.139511809047129
2.0799948379016118
1.574479865528386
1.314530693716025
2.004967155676059
2.757459759777112
2.8884174069220867
3.3582765528493845
4.147698907505668
4.550499464241807
4.304402802936427
3.380953405613204
2.816443149630487
2.466224318352952
2.076531001973275
1.8607407040399753
1.2469349135756422
0.6640447196224123
0.6284708388610435
0.977281915803509
1.3093744528683773
1.0263057130016995
0.8030197346859052
0.6542100368759048
0.2964984986549057
0.06298998028234369
0.06312232378859385
0.3005318298285785
0.6953084355500881
0.8964469351270632
0.8657494881142928
1.1350906273826649
1.7659219727431628
1.8528465064192159
2.115867580017758
2.739763183705959
2.5373573431157896
2.4173534056362547
1.9587632973025693
1.4806129232357614
1.5646407226233345
1.1386897802562808
0.45860671513974954
0.3228204419554892
0.5746137025736203
1.0761324915544794
1.739191105167711
1.582224009443966
0.8884248541585981
0.5339212547352756
0.4269117943510458
0.9559790263591298
2.107277107196821
2.8784459205107837
3.2278706907508177
3.3855084243229023
3.0888600146255327
2.4363224190971975
2.300267382068542
3.175245870632848
3.7382160287742465
3.4751904950171597
2.200869338766992
0.8804100763524592
0.6730407599525384
1.1078124349193503
1.1792483978688604
0.9954328278233132
0.762324313408531
0.6010547393400686
0.7534621033041697
0.8875876984617314
0.6998711407487617
0.3676800511932715
0.4625002692095985
1.1294201325965658
1.4389313959492063
0.7799031400706181
0.1664047479515022
0.013430862181093642
0.00053829434208901
0.0047039690220119805
0.0632635876119324
0.3639203273491874
1.0672865049295328
2.044856622159815
3.061726169653272
3.4338259226109615
2.77076730899773
2.0538511757704256
1.4707914905296393
0.8974179210496946
0.7580292686613874
0.6503120226475116
0.3050945350272519
0.1665400648967818
0.49307429303320727
0.85658098305758
0.7848732828246451
0.8208839319984514
1.1168485964698123
1.7804458877517821
2.506754708501314
2.555655335401744
2.8616135139791647
4.06655801520352
4.684487872407925
3.6860655081766693
3.0266015872785093
3.0711277774925874
1.919125267790929
0.5753155413252072
0.13914167557473653
0.3014641812503885
0.6499135054092464
0.7491655718375114
0.7890359840655388
0.9732868358040084
1.0848638448721053
1.4440680565517612
1.5372275965413895
1.049692941507546
0.6594835011432536
0.7674297731078376
1.013695542374125
1.408378439090206
2.2331040406172993
2.936172843562382
2.744727762908576
2.4481105541144554
2.780739898801898
3.1606974682523377
3.3053396213362514
2.8017917346008105
2.5617508352794105
3.0842869023902564
3.201386559325004
2.42581450838997
2.049285497132723
1.7573199894927576
0.8389951061245686
0.17097340002823455
0.013833839577903033
0.009534334672215178
0.11698243351504649
0.5966288378061896
1.3452219409593347
1.650047328815542
1.70904112570552
2.3589471975171925
3.34911696810976
3.9239776474969514
4.1380131750714755
4.076694149417187
4.1694585289342285
4.749273847662247
4.410550489816654
3.2299401626171376
2.5329744058060295
2.7134147525520738
2.0304327463613316
0.8084225690204746
0.3721118996052095
0.40847512835413313
0.24223987169018785
0.05412479673895295
0.008863696823876015
0.054126283458467685
0.24210455474490825
0.4033741288133707
0.2959646644713609
0.2962293514838612
0.4122393123567614
0.350221804716564
0.5424980941891776
0.8607392241399294
0.7800384570158978
0.749028768172717
0.65420855015639
0.3502203179970493
0.30039502616378416
0.40364327598441524
0.24667023338261113
0.11241824159685834
0.30079651684107883
0.6544791840469493
0.8075869000431227
1.0848638448721055
1.6097679923126467
1.6717843965599786
1.4979237061196693
1.192140965707865
0.7537297637556996
0.305094535027252
0.0632591274533882
0.06325764073387348
0.3050945350272519
0.7534621033041697
1.183411099109754
1.3942427647184958
1.237538869287736
1.0045656718182336
0.8210147887851871
0.9014482787843381
1.4483645880184193
1.7703331375171418
1.3899417730932933
0.6007870788885389
0.11711329030178191
0.009131357275405786
0.00026766045152977074
0.0
0.0
0.0
2.9734390294685954e-06
0.00026766045152977074
0.00886518354339075
0.108115763252141
0.48837329745022473
0.8518755273160534
0.7259121735574301
0.5069242134278088
0.25083442134301936
0.05425862696471783
0.0044318484119380075
0.00013383022576488537
0.0
0.0
0.0
0.0
0.0
0.0
0.0
0.0
0.0
0.0
0.0
0.0
0.0
0.0
0.0
0.0
0.0
0.0
0.0
0.0
0.0
0.0
0.0
0.0
0.0
0.0
1.4867195147342977e-06
0.00013531694527961965
0.004565678637702893
0.05842281492512607
0.29596169103233144
0.640913004920576
0.640913004920576
0.29596169103233144
0.05842281492512607
0.004565678637702893
0.00013383022576488537
0.0
0.0
0.0
0.0
0.0
0.0
0.0
0.0
0.0
0.0
0.0
0.0
0.0
0.0
0.0
0.0
0.0
0.0
4.460158544202893e-06
0.00040149067729465613
0.013295545235814023
0.16197289953956417
0.7259121735574301
1.196828327923813
0.726046003783195
0.1664062346710169
0.06742034197476697
0.24680406360837603
0.4529332469146208
0.48394144903828673
0.4529347336341355
0.24653640315684625
0.05855664515089096
0.05842281492512607
0.24210604146442297
0.3990761106271976
0.24640257293108137
0.10798193302637613
0.24640405965059609
0.3992099408529625
0.24640257293108137
0.10798193302637613
0.24640405965059609
0.3992099408529625
0.24640405965059609
0.108115763252141
0.25083442134301936
0.4530670771403857
0.48394144903828673
0.4529332469146208
0.24640257293108137
0.05412479673895295
0.0044318484119380075
0.00013383022576488537
0.0
0.0
0.0
0.0
0.0
0.0
0.0
0.0
0.0
0.0
0.0
0.0
0.0
0.0
0.0
0.0
0.0
0.0
0.0
0.0
0.0
0.0
0.0
0.0
0.0
0.0
0.0
0.0
0.0
0.0
0.0
0.0
0.0
0.0
0.0
0.0
0.0
0.0
0.0
0.0
0.0
0.0
0.0
0.0
0.0
0.0
0.0
0.0
0.0
0.0
0.0
0.0
0.0
0.0
0.0
0.0
0.0
0.0
0.0
0.0
0.0
0.0
0.0
0.0
0.0
0.0
0.0
0.0
0.0
0.0
0.0
0.0
0.0
0.0
0.0
0.0
0.0
0.0
0.0
0.0
0.0
0.0
0.0
0.0
0.0
0.0
0.0
0.0
0.0
0.0
0.0
0.0
0.0
0.0
0.0
0.0
0.0
0.0
0.0
0.0
0.0
0.0
1.4867195147342977e-06
0.00013383022576488537
0.0044318484119380075
0.05399096651318806
0.24197072451914337
0.3989422804014327
0.24197072451914337
0.05399393995221753
0.004699508863467778
0.008999013769155635
0.108115763252141
0.48837329745022473
0.8518770140355681
0.7260474905027097
0.5114898920655117
0.30925723626814544
0.3502203179970493
0.6453448533325141
0.641046835146341
0.29596169103233144
0.05842281492512607
0.004565678637702893
0.00013383022576488537
0.0
0.0
0.0
0.0
0.0
0.0
0.0
0.0
0.0
0.0
0.0
0.0
0.0
0.0
0.0
0.0
0.0
0.0
0.0
0.0
0.0
0.0
0.0
0.0
0.0
0.0
0.0
0.0
0.0
0.0
0.0
0.0
0.0
0.0
0.0
0.0
0.0
0.0
0.0
0.0
0.0
0.0
0.0
1.4867195147342977e-06
0.00013383022576488537
0.0044318484119380075
0.05399096651318806
0.24197072451914337
0.3989422804014327
0.24197072451914337
0.0539924532327028
0.004565678637702893
0.004565678637702893
0.05399096651318806
0.24197221123865809
0.3990761106271976
0.24640257293108137
0.10798193302637613
0.24640257293108137
0.3990761106271976
0.24197072451914337
0.0539924532327028
0.004565678637702893
0.004565678637702893
0.05399096651318806
0.24197072451914337
0.3989422804014327
0.24197072451914337
0.05399096651318806
0.0044318484119380075
0.00013383022576488537
0.0
0.0
0.0
0.0
0.0
0.0
0.0
0.0
0.0
0.0
0.0
0.0
0.0
0.0
0.0
0.0
0.0
0.0
0.0
0.0
0.0
0.0
0.0
0.0
0.0
0.0
0.0
0.0
0.0
0.0
0.0
0.0
0.0
0.0
0.0
0.0
0.0
0.0
0.0
0.0
0.0
0.0
0.0
0.0
1.4867195147342977e-06
0.00013383022576488537
0.0044318484119380075
0.05399096651318806
0.24197072451914337
0.3989422804014327
0.24197072451914337
0.05399096651318806
0.0044318484119380075
0.00013383022576488537
0.0
0.0
0.0
0.0
0.0
0.0
0.0
0.0
0.0
0.0
0.0
0.0
0.0
0.0
0.0
0.0
0.0
0.0
0.0
0.0
0.0
0.0
0.0
0.0
0.0
0.0
0.0
0.0
0.0
0.0
0.0
0.0
0.0
0.0
0.0
0.0
0.0
0.0
0.0
0.0
0.0
0.0
0.0
0.0
0.0
0.0
0.0
0.0
0.0
0.0
0.0
0.0
0.0
0.0
0.0
0.0
0.0
0.0
0.0
0.0
0.0
0.0
0.0
0.0
0.0
0.0
0.0
0.0
0.0
0.0
0.0
0.0
0.0
0.0
0.0
0.0
0.0
0.0
0.0
0.0
0.0
0.0
0.0
0.0
0.0
0.0
0.0
0.0
0.0
0.0
0.0
0.0
0.0
0.0
0.0
0.0
0.0
0.0
0.0
0.0
0.0
0.0
0.0
0.0
0.0
0.0
0.0
0.0
0.0
0.0
0.0
1.4867195147342977e-06
0.00013383022576488537
0.0044318484119380075
0.05399096651318806
0.24197072451914337
0.3989437671209474
0.24210455474490825
0.05842281492512607
0.05842281492512607
0.24210455474490825
0.3989422804014327
0.24197072451914337
0.05399096651318806
0.0044318484119380075
0.00013383022576488537
0.0
0.0
0.0
0.0
0.0
0.0
0.0
0.0
0.0
0.0
0.0
0.0
0.0
0.0
0.0
0.0
0.0
0.0
0.0
0.0
0.0
0.0
0.0
0.0
0.0
0.0
0.0
0.0
0.0
0.0
1.4867195147342977e-06
0.00013383022576488537
0.0044318484119380075
0.05399096651318806
0.24197072451914337
0.3989422804014327
0.24197072451914337
0.05399096651318806
0.0044318484119380075
0.00013383022576488537
0.0
0.0
0.0
0.0
0.0
0.0
0.0
0.0
0.0
0.0
0.0
0.0
0.0
0.0
0.0
0.0
0.0
0.0
0.0
0.0
0.0
0.0
0.0
0.0
1.4867195147342977e-06
0.00013383022576488537
0.0044318484119380075
0.05399096651318806
0.24197072451914337
0.3989437671209474
0.24210455474490825
0.05842281492512607
0.05842281492512607
0.24210455474490825
0.3989422804014327
0.24197072451914337
0.05399096651318806
0.0044318484119380075
0.00013383022576488537
0.0
0.0
0.0
0.0
0.0
0.0
0.0
0.0
0.0
0.0
0.0
0.0
0.0
0.0
0.0
0.0
0.0
0.0
0.0
0.0
1.4867195147342977e-06
0.00013383022576488537
0.004433335131452742
0.05412479673895295
0.24640257293108137
0.4529332469146208
0.48394144903828673
0.4529332469146208
0.24640257293108137
0.05412479673895295
0.0044318484119380075
0.00013383022576488537
0.0
0.0
0.0
0.0
0.0
0.0
0.0
1.4867195147342977e-06
0.00013383022576488537
0.0044318484119380075
0.05399096651318806
0.24197072451914337
0.3989422804014327
0.24197072451914337
0.05399096651318806
0.0044318484119380075
0.00013383022576488537
0.0
0.0
0.0
0.0
0.0
0.0
0.0
0.0
0.0
0.0
0.0
1.4867195147342977e-06
0.00013383022576488537
0.0044318484119380075
0.05399096651318806
0.24197072451914337
0.3989437671209474
0.24210455474490825
0.05842281492512607
0.058424301644640804
0.24223838497067313
0.4033741288133707
0.29596317775184616
0.29609552125809635
0.4078059772253087
0.2960955212580963
0.2959646644713609
0.40364178926490046
0.2509682515687843
0.16197289953956417
0.48837329745022473
0.798019877748145
0.48407527926405164
0.11241378143831414
0.06285466333706408
0.24223838497067313
0.3989422804014327
0.24197072451914337
0.0539924532327028
0.004565678637702893
0.004567165357217628
0.054126283458467685
0.24653640315684625
0.4573650953265588
0.5379324155514748
0.6949039714337641
0.6453448533325141
0.296097007977611
0.05855664515089096
0.0089975270496409
0.05412479673895295
0.24197072451914337
0.3989422804014327
0.24197072451914337
0.05399096651318806
0.0044318484119380075
0.00013383022576488537
0.0
0.0
0.0
0.0
0.0
0.0
0.0
0.0
0.0
0.0
0.0
0.0
0.0
1.4867195147342977e-06
0.00013383022576488537
0.0044318484119380075
0.05399096651318806
0.24197072451914337
0.3989422804014327
0.24197072451914337
0.05399096651318806
0.0044318484119380075
0.00013383022576488537
0.0
0.0
1.4867195147342977e-06
0.00013383022576488537
0.0044318484119380075
0.05399096651318806
0.24197072451914337
0.3989422804014327
0.24197072451914337
0.05399096651318806
0.0044318484119380075
0.00013531694527961965
0.00013383022576488537
0.0044318484119380075
0.05399096651318806
0.24197221123865809
0.3990761106271976
0.24640257293108137
0.10798193302637613
0.24640257293108137
0.3990761106271976
0.24197072451914337
0.05399096651318806
0.004433335131452742
0.00026766045152977074
0.0044318484119380075
0.0539924532327028
0.24210455474490825
0.4033741288133707
0.29596169103233144
0.29596169103233144
0.4033741288133707
0.24210455474490825
0.05399096651318806
0.0044318484119380075
0.00013383022576488537
0.0
0.0
0.0
0.0
0.0
0.0
0.0
0.0
0.0
0.0
0.0
0.0
0.0
0.0
0.0
0.0
0.0
0.0
0.0
0.0
0.0
0.0
0.0
0.0
0.0
0.0
2.9734390294685954e-06
0.00026766045152977074
0.008863696823876015
0.10798341974589086
0.48407527926405164
0.8023164092148034
0.5379324155514748
0.34995414426503424
0.4079398074510736
0.24667023338261113
0.10798193302637613
0.24640257293108137
0.3990761106271976
0.24197072451914337
0.05399096651318806
0.0044318484119380075
0.00013383022576488537
0.0
0.0
0.0
0.0
0.0
0.0
0.0
0.0
0.0
0.0
0.0
0.0
0.0
0.0
0.0
0.0
0.0
0.0
0.0
0.0
0.0
0.0
0.0
0.0
0.0
0.0
0.0
0.0
0.0
0.0
0.0
0.0
0.0
0.0
0.0
0.0
0.0
0.0
0.0
0.0
0.0
0.0
0.0
0.0
0.0
0.0
0.0
0.0
0.0
0.0
0.0
0.0
0.0
0.0
0.0
0.0
0.0
0.0
0.0
0.0
0.0
0.0
0.0
0.0
0.0
0.0
0.0
0.0
0.0
0.0
0.0
0.0
0.0
0.0
0.0
0.0
0.0
0.0
0.0
0.0
0.0
0.0
0.0
0.0
0.0
0.0
0.0
0.0
0.0
0.0
0.0
0.0
0.0
0.0
0.0
0.0
0.0
0.0
0.0
0.0
0.0
0.0
0.0
0.0
0.0
0.0
0.0
0.0
0.0
0.0
0.0
0.0
0.0
0.0
0.0
0.0
0.0
0.0
0.0
0.0
0.0
0.0
0.0
0.0
0.0
0.0
0.0
0.0
0.0
1.4867195147342977e-06
0.00013383022576488537
0.0044318484119380075
0.0539924532327028
0.24210455474490825
0.4033741288133707
0.29596169103233144
0.29596169103233144
0.4033741288133707
0.24210604146442297
0.05412479673895295
0.008863696823876015
0.05412479673895295
0.24197072451914337
0.3989422804014327
0.24197072451914337
0.05399096651318806
0.0044318484119380075
0.00013383022576488537
0.0
0.0
0.0
0.0
0.0
0.0
0.0
0.0
0.0
0.0
0.0
0.0
0.0
0.0
0.0
0.0
0.0
0.0
0.0
0.0
0.0
0.0
0.0
0.0
0.0
0.0
0.0
0.0
0.0
0.0
0.0
0.0
0.0
0.0
0.0
0.0
0.0
0.0
0.0
0.0
0.0
0.0
0.0
0.0
0.0
0.0
0.0
0.0
0.0
0.0
0.0
0.0
0.0
0.0
0.0
0.0
0.0
0.0
0.0
0.0
0.0
0.0
0.0
0.0
0.0
0.0
0.0
0.0
0.0
0.0
0.0
0.0
0.0
0.0
0.0
0.0
0.0
0.0
0.0
0.0
0.0
0.0
0.0
0.0
0.0
0.0
0.0
0.0
0.0
0.0
0.0
0.0
0.0
0.0
0.0
0.0
0.0
0.0
0.0
0.0
0.0
0.0
0.0
0.0
0.0
0.0
0.0
0.0
0.0
0.0
0.0
0.0
0.0
0.0
0.0
0.0
0.0
0.0
0.0
0.0
0.0
0.0
0.0
0.0
0.0
0.0
0.0
0.0
1.4867195147342977e-06
0.00013531694527961965
0.004567165357217628
0.05855813187040569
0.30052885638954907
0.6994696500714669
0.9413080310843601
0.9909994926918604
0.9457383927767835
0.753460616584655
0.5424980941891777
0.45749892555232363
0.24653640315684625
0.05412479673895295
0.0044318484119380075
0.00013383022576488537
2.9734390294685954e-06
0.00026766045152977074
0.008866670262905484
0.10825256691693537
0.4930742930332072
0.9148640208788824
1.080299652953917
1.444068056551761
1.5416594449533274
1.1036809345817045
0.901182105052323
1.1571038925690704
1.1341196414600336
0.8074530698173578
0.6009209091143037
0.70403532870917
0.6994726235104964
0.5383339062287694
0.4662287921504348
0.35451833618322237
0.5380662457772397
0.8023164092148034
0.48407527926405164
0.10798193302637613
0.00886518354339075
0.00040149067729465613
0.004434821850967476
0.05425862696471783
0.25083442134301936
0.5069257001473235
0.7260474905027097
0.8564412059537563
0.5467961123753508
0.40407745428447245
0.6497781884639667
0.6413144955978707
0.30039353944426944
0.11241378143831413
0.24653640315684625
0.3990761106271976
0.24197072451914337
0.05399096651318806
0.0044318484119380075
0.00013383022576488537
0.0
0.0
1.4867195147342977e-06
0.00013383022576488537
0.0044318484119380075
0.0539924532327028
0.24210455474490825
0.4033756155328854
0.29609552125809635
0.30039799960281366
0.45776807272336817
0.4975046547256305
0.6193394815856377
1.0264410299469793
1.4974895278196123
1.187842947521692
0.7044709937287419
0.7621904831827662
0.8877170685289522
0.695037801659529
0.30039353944426944
0.05855664515089096
0.004565678637702893
0.00013383022576488537
0.0
0.0
0.0
0.0
0.0
1.4867195147342977e-06
0.00013383022576488537
0.0044318484119380075
0.05399096651318806
0.24197072451914337
0.3989422804014327
0.24197072451914337
0.05399096651318806
0.0044318484119380075
0.00013383022576488537
0.0
0.0
0.0
0.0
0.0
0.0
0.0
0.0
0.0
0.0
0.0
0.0
0.0
0.0
0.0
0.0
0.0
0.0
0.0
0.0
5.946878058937191e-06
0.0005353209030595415
0.01772739364775203
0.21596386605275225
0.9678843847960882
1.5959029518314958
0.9723162332080262
0.27009014951121996
0.2642637968045983
0.4579004162296183
0.5379324155514748
0.6949039714337641
0.6453448533325141
0.296097007977611
0.05855664515089096
0.0089975270496409
0.05412479673895295
0.24197072451914337
0.3989422804014327
0.24197072451914337
0.05399096651318806
0.0044318484119380075
0.00013383022576488537
0.0
1.4867195147342977e-06
0.00014275054285329115
0.005236316486042054
0.08071588721058098
0.5703498587297244
1.904891424255246
2.882026979858821
1.958748560542669
0.8123190965293532
0.4796581676120137
0.24720555428567068
0.05412479673895295
0.004433335131452742
0.00026766045152977074
0.0044318484119380075
0.05399096651318806
0.24197369795817283
0.39920994085296246
0.2508373947820488
0.16224055999109394
0.49723699427410073
0.9060018107745211
0.9680167283023383
0.9102998289606943
0.5469299426011156
0.3546521664089873
0.4617969437384968
0.4842091094898165
0.4529347336341355
0.24653640315684625
0.05855664515089096
0.05842281492512607
0.24210455474490825
0.3989422804014327
0.24197072451914337
0.05399096651318806
0.0044318484119380075
0.00013383022576488537
0.0
0.0
1.4867195147342977e-06
0.00013383022576488537
0.004433335131452742
0.05412479673895295
0.24640554637011083
0.45320239408566526
0.49294343624647186
0.5657485190302296
0.7976320204378848
1.256086811826291
1.6176625732600551
1.6011734426598152
1.0397350884632786
0.6780284702427788
0.7933340022517117
1.0943815727382564
0.8917474262635955
0.40407745428447245
0.30482538785620744
0.4036432759844152
0.24223838497067313
0.05842281492512607
0.05842281492512607
0.24210455474490825
0.3989422804014327
0.24197072451914337
0.05399096651318806
0.0044318484119380075
0.00013383022576488537
1.4867195147342977e-06
0.00013383022576488537
0.0044318484119380075
0.0539924532327028
0.24210604146442297
0.4035079590391356
0.30039353944426944
0.3499526575455195
0.6453448533325141
0.641046835146341
0.29596317775184616
0.05855664515089096
0.0089975270496409
0.05412479673895295
0.24197072451914337
0.3989422804014327
0.24197072451914337
0.05399096651318806
0.0044318484119380075
0.00013383022576488537
0.0
0.0
0.0
0.0
0.0
0.0
4.460158544202893e-06
0.0004029773968093904
0.013429375461578909
0.16640920811004636
0.7803061174674275
1.4522284279045354
1.2913945188556448
1.1884124427670288
1.5645068923975698
1.425649484080427
1.0449904592050485
0.7081995166695781
0.3007950301215641
0.058559618589920426
0.004833339089232664
0.0089975270496409
0.10798193302637613
0.48394144903828673
0.7978875342418948
0.4842105962093312
0.11698392023456122
0.12167896893948481
0.5514971079583333
1.201962015087338
1.6132277514090876
1.6007734387020351
1.0310067085846821
0.5746137025736202
0.3679477116448013
0.5967596945929249
1.098548734137694
1.1341211281795482
0.8658743980229693
0.9011821050523231
1.394642768676276
1.5329280916357015
1.0494237943365015
0.6549118756274918
0.7084671771211078
0.6996049670167466
0.5382000760030045
0.4617969437384968
0.3005273696700343
0.296097007977611
0.4035079590391356
0.24653640315684625
0.10798193302637613
0.24640554637011083
0.39934377107872737
0.25083442134301936
0.16197289953956417
0.48837478416973945
0.7981522212543951
0.48837329745022473
0.16197289953956417
0.25083442134301936
0.3992114275724772
0.24210455474490825
0.05842281492512607
0.05842281492512607
0.24210455474490825
0.3989422804014327
0.24197072451914337
0.05399096651318806
0.0044318484119380075
0.00013383022576488537
0.0
0.0
0.0
0.0
0.0
0.0
0.0
0.0
0.0
4.460158544202893e-06
0.00040149067729465613
0.013297031955328758
0.16210672976532906
0.7303455086888828
1.2509516379432513
0.9723147464885115
0.6149091198932143
0.4975091148841747
0.4625999250930861
0.3676800511932715
0.7000391453168039
1.5282285827722335
1.6809021204683496
0.8338941065838062
0.1708365963634402
0.013563205687343793
0.00040149067729465613
0.0
0.0
0.0
0.0
0.0
0.0
1.4867195147342977e-06
0.00013383022576488537
0.0044318484119380075
0.05399096651318806
0.24197221123865809
0.3990761106271976
0.24640257293108137
0.10798341974589086
0.24653640315684625
0.4035079590391356
0.29596169103233144
0.29596317775184616
0.4035079590391356
0.24653788987636097
0.108115763252141
0.25083442134301936
0.4530670771403857
0.48394144903828673
0.4529332469146208
0.24640257293108137
0.05412479673895295
0.004433335131452742
0.00026766045152977074
0.0044318484119380075
0.05399096651318806
0.24197072451914337
0.3989422804014327
0.24197072451914337
0.05399096651318806
0.0044318484119380075
0.00013383022576488537
0.0
0.0
0.0
0.0
0.0
0.0
0.0
0.0
0.0
0.0
0.0
0.0
0.0
0.0
0.0
0.0
0.0
0.0
0.0
0.0
0.0
0.0
0.0
0.0
0.0
0.0
0.0
0.0
0.0
0.0
0.0
0.0
0.0
0.0
0.0
0.0
2.9734390294685954e-06
0.00026766045152977074
0.008863696823876015
0.10798341974589086
0.48407527926405164
0.8023164092148034
0.5379324155514748
0.3499526575455195
0.4078059772253087
0.24223838497067313
0.05399096651318806
0.0044318484119380075
0.00013383022576488537
0.0
0.0
0.0
0.0
0.0
0.0
0.0
0.0
0.0
0.0
0.0
0.0
0.0
0.0
0.0
1.4867195147342977e-06
0.00013383022576488537
0.0044318484119380075
0.05399096651318806
0.24197072451914337
0.3989422804014327
0.24197072451914337
0.05399096651318806
0.0044318484119380075
0.00013680366479435396
0.000269147171044505
0.008999013769155635
0.11254761166407902
0.5423642639634128
1.093846251835197
1.1248544539588627
0.7488949379469523
0.30482538785620744
0.05869196209617057
0.004699508863467779
0.004567165357217628
0.05412479673895295
0.24640405965059609
0.45307005057941513
0.4886409579017545
0.5157879102516848
0.5963552304766009
0.9370085261786724
1.0442871337339468
0.5380662457772397
0.11241526815782887
0.009131357275405786
0.004699508863467778
0.05399393995221753
0.24223838497067313
0.4078059772253087
0.3499526575455195
0.5379339022709895
0.8024502394405683
0.48850712767598964
0.16197289953956417
0.25083442134301936
0.39920994085296246
0.24197072451914337
0.0539924532327028
0.004565678637702893
0.004565678637702893
0.0539924532327028
0.24210455474490825
0.4033756155328854
0.29609552125809635
0.30039353944426944
0.4573665820460735
0.4842105962093312
0.4574989255523237
0.30482538785620744
0.35008648777128437
0.6453448533325141
0.641046835146341
0.29596169103233144
0.05842281492512607
0.004565678637702893
0.00013531694527961965
0.00013531694527961965
0.004565678637702893
0.058424301644640804
0.2960984946971258
0.6456125137840438
0.70376766825764
0.645914348577851
0.9413080310843602
1.0445547941854767
0.5424980941891777
0.1664047479515022
0.250969738288299
0.39934377107872737
0.24640257293108137
0.10798193302637613
0.24640257293108137
0.3990761106271976
0.24197221123865809
0.05412479673895295
0.008863696823876015
0.05412479673895295
0.24197072451914337
0.3989422804014327
0.24197072451914337
0.05399096651318806
0.0044318484119380075
0.00013383022576488537
0.0
0.0
0.0
0.0
0.0
0.0
0.0
0.0
0.0
0.0
0.0
0.0
0.0
0.0
0.0
0.0
0.0
0.0
0.0
0.0
0.0
0.0
0.0
0.0
0.0
0.0
0.0
0.0
0.0
0.0
0.0
0.0
0.0
0.0
0.0
0.0
2.9734390294685954e-06
0.00026766045152977074
0.008863696823876015
0.10798193302637613
0.48394144903828673
0.7978845608028654
0.48394144903828673
0.10798193302637613
0.008863696823876015
0.000269147171044505
0.00013383022576488537
0.0044318484119380075
0.05399096651318806
0.24197072451914337
0.3989422804014327
0.24197072451914337
0.05399096651318806
0.0044318484119380075
0.00013531694527961965
0.00014126382333855684
0.005100999540762434
0.07615169529239284
0.512062360749878
1.6134954118606173
2.299536789863371
1.6137972466544244
1.1572704104175977
1.0621483576074637
0.5386015666802992
0.11241526815782887
0.009131357275405786
0.0047009955829825124
0.05412479673895295
0.24640257293108137
0.4529332469146208
0.48394293575780145
0.4530670771403857
0.25083442134301936
0.108115763252141
0.24640405965059609
0.39921142757247724
0.24653640315684625
0.11241378143831414
0.30039502616378416
0.6411806653721058
0.645344853332514
0.3499526575455195
0.30039353944426944
0.4035079590391356
0.24210455474490825
0.05399096651318806
0.0044318484119380075
0.00013680366479435396
0.00026766045152977074
0.00886518354339075
0.108115763252141
0.48837329745022473
0.8518755273160534
0.7259121735574301
0.5069257001473235
0.2509682515687843
0.05869047537665584
0.05842281492512607
0.24210604146442297
0.3990761106271976
0.24640257293108137
0.10798193302637613
0.24640257293108137
0.3990761106271976
0.24197072451914337
0.05399096651318806
0.0044318484119380075
0.00013383022576488537
0.0
0.0
0.0
0.0
0.0
0.0
0.0
0.0
0.0
0.0
0.0
0.0
0.0
0.0
0.0
0.0
0.0
0.0
0.0
0.0
0.0
0.0
0.0
0.0
0.0
0.0
0.0
1.4867195147342977e-06
0.00013383022576488537
0.0044318484119380075
0.05399096651318806
0.24197072451914337
0.3989422804014327
0.24197072451914337
0.05399096651318806
0.0044318484119380075
0.00013383022576488537
0.0
0.0
0.0
0.0
0.0
0.0
0.0
0.0
0.0
0.0
0.0
0.0
0.0
0.0
0.0
0.0
0.0
0.0
0.0
0.0
0.0
1.4867195147342977e-06
0.00013383022576488537
0.004433335131452742
0.054129256897497154
0.24680406360837603
0.46623771246752316
0.6467217900909844
1.2058439484990324
1.781009052792411
2.411830757769604
3.510936457178466
3.742781707411949
3.197524206158403
2.367141743212245
1.9471108625572402
2.057984162827587
1.7043029823412303
1.2516685967813872
1.520084434898874
1.8831498963522653
1.8785886778731067
1.457635722397649
0.9152806316427263
0.9918588187462009
1.838993612585585
2.9361728435623817
3.139107338111335
2.87389536195963
3.000296970850206
3.11157104173163
3.54275061409575
3.2458300837883076
2.3104943822838533
2.292115547706206
3.1929424467040013
3.9859906949786037
3.9858940125341467
3.8248920989172133
3.752749837057572
3.004422907636442
2.3009585608921235
2.4033681682963737
2.237097250570636
1.3456531458203627
0.6594790409847093
0.4711974481849471
0.30536219547878174
0.354653653128502
0.7039059586419492
0.9418463254264492
1.0045656718182336
1.1168471097502979
1.5966258575476908
2.345082157036042
2.645206549309267
2.6412088791973862
2.9364672447586155
2.981294166373635
2.1791101006650817
1.1168426495917536
0.42207250838375426
0.30536219547878174
0.4037771062101801
0.24667023338261113
0.11241378143831414
0.30039353944426944
0.641046835146341
0.6409144916400907
0.29609552125809635
0.06285466333706408
0.05855664515089096
0.24210455474490825
0.3989422804014327
0.24197072451914337
0.05399096651318806
0.0044318484119380075
0.00013383022576488537
2.9734390294685954e-06
0.000269147171044505
0.008999013769155635
0.11254761166407902
0.5423642639634128
1.0938477385547118
1.1249897709041425
0.7534635900236846
0.3635158632328633
0.3635158632328633
0.7534621033041699
1.1251236011299075
1.0984119304728999
0.6007870788885388
0.40850930269641045
0.649910531970217
0.6411806653721058
0.29596317775184616
0.05855664515089096
0.008999013769155635
0.05425862696471784
0.24640405965059609
0.4530685638599004
0.48850861439550436
0.5114943522240558
0.5472005764916749
0.762596434018605
1.0585566383314218
1.5424980873697083
2.1522675732213394
2.4252450131446337
2.443666559054997
2.1835449225160493
1.708598027088374
1.1752654645168794
1.1931134383500113
1.7440244442569437
1.5329295783552164
0.7001744622620835
0.3678138814190364
0.46663176954724417
0.5383339062287694
0.6993373065652169
0.6994711367909817
0.5426334111344572
0.5159232271969644
0.5470667462659099
0.7537282770361848
0.9501717279082362
1.0451257761503283
1.1878459209607213
1.1571024058495556
0.8473264554844145
0.86171615694062
1.1432509987354393
1.2198247256803696
1.2424048959997316
1.8828822359007358
2.1472647428445493
1.3765275177182639
0.9198653645361572
0.9053106319509393
0.7494302588500117
0.5423657506829275
0.45763424249760326
0.2511020817945492
0.11254761166407902
0.30039353944426944
0.641046835146341
0.640913004920576
0.29596169103233144
0.058424301644640804
0.004699508863467779
0.004567165357217628
0.05412777017798242
0.24667023338261113
0.4617969437384968
0.5919248687841776
0.9370085261786724
1.0487204688653997
0.5921910425161926
0.3588163543693955
0.4619307739642617
0.4842091094898165
0.4529332469146208
0.24640257293108137
0.05412479673895295
0.0044318484119380075
0.00013531694527961965
0.00014275054285329115
0.005240776644586257
0.08111886460739037
0.5837881545083917
2.072105100439396
3.689065451621215
3.740026760506124
3.631958804963295
4.582782693867642
4.989313643590782
4.636895727285725
3.680509789360606
2.574743059001903
1.72259689779529
1.6057527546645527
1.8565720559210226
1.6720520570115083
1.260384830012464
0.7933325155321971
0.5117575525170415
0.2509682515687843
0.05425862696471783
0.0044318484119380075
0.00013383022576488537
0.0
0.0
1.4867195147342977e-06
0.00013383022576488537
0.0044318484119380075
0.05399096651318806
0.24197369795817283
0.3992114275724772
0.250969738288299
0.16654155161629652
0.5470682329854247
1.1032467562816473
1.2462672491663327
1.399376451882021
1.887178767367394
2.0398537917830244
1.5334975868810383
1.0582860044408626
0.762458143634296
0.5427657546407074
0.45749892555232363
0.24653788987636097
0.05425862696471784
0.008863696823876015
0.054126283458467685
0.24210604146442297
0.4035079590391356
0.30039353944426944
0.3499526575455195
0.6453478267715436
0.6413144955978708
0.30482984801475166
0.16680921206782634
0.5020703333633335
0.9688564741115852
1.3179708725673727
1.793315901906664
1.5910832461092976
0.9421437000617121
0.7621904831827662
0.6501781924217467
0.2962293514838612
0.05842281492512607
0.004567165357217628
0.00026766045152977074
0.004433335131452742
0.05412479673895295
0.24640257293108137
0.4529332469146208
0.48394144903828673
0.4529332469146208
0.24640257293108137
0.05412479673895295
0.0044318484119380075
0.00013383022576488537
0.0
0.0
0.0
0.0
0.0
1.4867195147342977e-06
0.00013383022576488537
0.0044318484119380075
0.05399096651318806
0.24197072451914337
0.3989422804014327
0.24197072451914337
0.05399096651318806
0.0044318484119380075
0.00013383022576488537
1.4867195147342977e-06
0.00013383022576488537
0.0044318484119380075
0.05399096651318806
0.24197221123865809
0.3990761106271976
0.24640257293108137
0.10798193302637613
0.24640257293108137
0.39907759734671233
0.24210752818393771
0.058693448815685306
0.0675556589200466
0.35908550154044
0.9954313411037984
1.5822210360049367
1.6319124976124366
1.241700083809115
0.8118849182292958
0.5471976030526454
0.46206460419002654
0.300528856389549
0.2962293514838612
0.4078059772253087
0.2960955212580963
0.29596169103233144
0.4033756155328854
0.24223838497067313
0.05842281492512607
0.05842281492512607
0.24210604146442297
0.3990761106271976
0.24640257293108137
0.10798193302637613
0.24640405965059609
0.3992099408529625
0.24640257293108137
0.10798193302637613
0.24640405965059609
0.39921142757247724
0.24653788987636097
0.11254761166407902
0.30482538785620744
0.695037801659529
0.8828837294397194
0.6949039714337641
0.3003965128832989
0.05882579232193546
0.013563205687343793
0.11254761166407902
0.5379339022709895
1.0399906022672887
0.887450894796937
0.4085107894159252
0.36338500644612787
0.7043044758802144
0.9460090266673427
1.0495576245622662
1.2462657624468179
1.452797923149872
1.479508107087365
1.3989393001429342
1.0042950379276745
0.650616830880348
0.7041691589349348
0.6544762106079198
0.4040774542844724
0.5423642639634128
0.8024502394405683
0.48407527926405164
0.10798193302637613
0.008863696823876015
0.00026766045152977074
0.0
0.0
0.0
0.0
1.4867195147342977e-06
0.00013383022576488537
0.0044318484119380075
0.05399096651318806
0.24197072451914337
0.3989422804014327
0.24197072451914337
0.05399096651318806
0.0044318484119380075
0.00013383022576488537
0.0
0.0
0.0
0.0
0.0
0.0
0.0
1.4867195147342977e-06
0.00013531694527961965
0.004565678637702893
0.05842281492512607
0.29596169103233144
0.640913004920576
0.640913004920576
0.29596169103233144
0.05842281492512607
0.004568652076732362
0.00040149067729465613
0.008863696823876015
0.10798193302637613
0.48394144903828673
0.7978845608028654
0.48394293575780145
0.108115763252141
0.013297031955328758
0.05439245719048272
0.24641000652865502
0.4536023980434452
0.5061006910979767
0.7228880794805611
1.4562606556853424
2.049237689423411
1.2275825029629839
0.432196879276549
0.752637094254823
1.2559217806972782
1.0221430117608061
0.8118849182292958
0.7667591352594986
0.8389965928440833
1.1612680805294786
1.241967744260645
1.2913945188556448
1.3988054699171693
1.1879782644669716
0.807585413323608
0.5513632777325684
0.5117605259560709
0.49320663653945734
0.5159232271969644
0.5964890607023657
0.9414403745906104
1.098278100247135
0.7800369702963831
0.5113560618397468
0.2509682515687843
0.05425862696471783
0.004434821850967476
0.00040149067729465613
0.00886518354339075
0.108115763252141
0.48837329745022473
0.8518770140355681
0.726046003783195
0.5113560618397468
0.30482538785620744
0.2962293514838612
0.4033741288133707
0.24210455474490825
0.0539924532327028
0.004565678637702893
0.004565678637702893
0.05399096651318806
0.24197072451914337
0.3989422804014327
0.24197072451914337
0.05399096651318806
0.0044318484119380075
0.00013383022576488537
0.0
1.4867195147342977e-06
0.00013383022576488537
0.0044318484119380075
0.05399096651318806
0.24197072451914337
0.3989422804014327
0.24197072451914337
0.05399096651318806
0.0044318484119380075
0.00013383022576488537
0.0
0.0
0.0
1.4867195147342977e-06
0.00013531694527961965
0.004567165357217628
0.05855664515089096
0.30039353944426944
0.694903971433764
0.8828837294397194
0.6949039714337641
0.30039353944426944
0.05855813187040569
0.004700995582982513
0.004699508863467779
0.05842281492512607
0.29596317775184616
0.6410483218658556
0.6454786835582789
0.3543845059574575
0.35438599267697224
0.6456125137840438
0.6454801702777937
0.3500864877712844
0.30482687457572216
0.4576327557780886
0.4885086143955043
0.5070580436535737
0.49280514586216273
0.5070580436535737
0.48837329745022473
0.45306707714038563
0.24640257293108137
0.05412479673895295
0.0044318484119380075
0.00013383022576488537
0.0
0.0
0.0
0.0
0.0
0.0
0.0
0.0
0.0
0.0
0.0
0.0
0.0
0.0
0.0
0.0
0.0
0.0
0.0
0.0
0.0
0.0
0.0
0.0
0.0
0.0
0.0
0.0
0.0
0.0
0.0
0.0
0.0
0.0
1.4867195147342977e-06
0.00013680366479435396
0.004699508863467778
0.06285615005657881
0.3500864877712844
0.8873170645711721
1.093980082060962
0.7843364752020708
0.5654808585786997
0.49737231121938036
0.5073257041051035
0.49280514586216273
0.5070580436535737
0.48837329745022473
0.45306707714038563
0.24640257293108137
0.054126283458467685
0.004565678637702893
0.004565678637702893
0.05399096651318806
0.24197072451914337
0.3989422804014327
0.24197072451914337
0.05399096651318806
0.0044318484119380075
0.00013383022576488537
0.0
0.0
0.0
0.0
0.0
0.0
0.0
0.0
0.0
0.0
0.0
0.0
0.0
0.0
0.0
0.0
0.0
0.0
0.0
0.0
0.0
0.0
1.4867195147342977e-06
0.00013383022576488537
0.0044318484119380075
0.05399096651318806
0.24197072451914337
0.3989422804014327
0.24197072451914337
0.05399096651318806
0.0044318484119380075
0.00013383022576488537
0.0
0.0
0.0
0.0
0.0
0.0
0.0
0.0
0.0
0.0
0.0
0.0
0.0
0.0
0.0
0.0
0.0
0.0
0.0
0.0
0.0
0.0
0.0
0.0
0.0
0.0
0.0
0.0
0.0
0.0
0.0
0.0
0.0
0.0
0.0
0.0
0.0
0.0
0.0
0.0
0.0
0.0
0.0
0.0
0.0
0.0
0.0
0.0
0.0
0.0
0.0
0.0
0.0
1.4867195147342977e-06
0.00013383022576488537
0.0044318484119380075
0.05399096651318806
0.24197072451914337
0.3989422804014327
0.24197072451914337
0.0539924532327028
0.004565678637702893
0.004565678637702893
0.05399096651318806
0.24197072451914337
0.3989422804014327
0.24197072451914337
0.05399096651318806
0.0044318484119380075
0.00013383022576488537
0.0
0.0
0.0
0.0
0.0
0.0
0.0
0.0
0.0
0.0
0.0
0.0
0.0
0.0
0.0
0.0
0.0
0.0
0.0
0.0
0.0
0.0
0.0
0.0
0.0
0.0
0.0
0.0
0.0
2.9734390294685954e-06
0.000269147171044505
0.008999013769155635
0.11254761166407902
0.5423672374024422
1.0941153990062416
1.1338519810085037
0.8613102061047812
0.8428916336334471
1.1029790958301176
0.9415771782554047
0.5967582078734103
0.5247854373013257
0.6010562260595834
0.99113480963714
1.2908235368907932
0.9954328278233132
0.6504800272155538
0.7083348336148577
0.6997387972425114
0.5426319244149425
0.5157908836907142
0.5427657546407074
0.703901498483405
0.7533267863588903
0.780036970296383
0.8563073757279914
0.48850861439550436
0.10824959347790589
0.013295545235814023
0.05425862696471783
0.24197072451914337
0.3989422804014327
0.24197072451914337
0.05399096651318806
0.0044318484119380075
0.00013383022576488537
2.9734390294685954e-06
0.00026766045152977074
0.008868156982420218
0.10838342370367078
0.49723848099361545
0.9599912905681944
1.214285471007655
1.3587997407438623
0.9767480816199642
0.5613166706182915
0.25969811816689536
0.10838342370367078
0.24640257293108137
0.3990761106271976
0.24197072451914337
0.05399096651318806
0.0044318484119380075
0.00013383022576488537
0.0
0.0
0.0
0.0
0.0
0.0
1.4867195147342977e-06
0.00013531694527961965
0.004565678637702893
0.05842281492512607
0.29596169103233144
0.640913004920576
0.640913004920576
0.29596169103233144
0.05842281492512607
0.004565678637702893
0.00013383022576488537
4.460158544202893e-06
0.00040149067729465613
0.013297031955328758
0.16210672976532906
0.7303440219693681
1.2508178077174863
0.9678828980765735
0.5609151799409968
0.25526626975495736
0.05439245719048272
0.0044318484119380075
0.00013383022576488537
0.0
1.4867195147342977e-06
0.00013383022576488537
0.004433335131452742
0.05412479673895295
0.24640554637011083
0.45320388080518
0.4930728063136925
0.5697788767648729
0.838327441715259
1.33608463680587
1.2906897066650282
0.6460496655231305
0.3589501845951604
0.41250548608877646
0.2962293514838612
0.29596169103233144
0.4033741288133707
0.24210604146442297
0.054126283458467685
0.0089975270496409
0.05855813187040569
0.2960984946971258
0.6456125137840438
0.7037691549771548
0.6460481788036159
0.9457398794962982
1.0985487341376943
0.7847379658793656
0.5743475288416051
0.6056219046972863
1.000130849967266
1.3986716396914043
1.4749424284496622
1.3943751082247462
0.9504379016402513
0.41307498133411336
0.35895315803418987
0.6458816609550884
0.6500443621959818
0.408378445909675
0.5966228909281306
1.0532861475031026
0.9911377830761695
0.8387289323925536
0.9281625395537257
0.8972885509824741
1.2962323181034214
1.8114477596707401
1.843028430478772
2.1575469843667467
2.8428529854936877
3.1699919866105923
3.3411186544469693
4.303829230859196
4.594924511852883
2.968583236469707
1.8754384400594484
1.8336055150109154
1.5344343984613924
1.295824880548068
1.161266593809964
0.7847364791598508
0.5114898920655118
0.2509682515687843
0.05425862696471783
0.0044318484119380075
0.00013383022576488537
0.0
1.4867195147342977e-06
0.00013383022576488537
0.0044318484119380075
0.05399096651318806
0.24197221123865809
0.3990761106271976
0.24640257293108137
0.10798193302637613
0.24640257293108137
0.39907759734671233
0.24210455474490825
0.05842281492512607
0.05842578836415554
0.24237370191595273
0.4079398074510736
0.3543845059574575
0.5919233820646628
1.0442871337339468
0.8830175596654843
0.3499526575455195
0.06285466333706408
0.004699508863467778
0.00013383022576488537
0.0
0.0
1.4867195147342977e-06
0.00013383022576488537
0.0044318484119380075
0.05399096651318806
0.24197221123865809
0.39908205750525655
0.24693789383414091
0.12571378683267234
0.4627709031001577
1.3805237011106297
2.008711759433594
1.8603336498112708
1.9595883063519162
1.8377549662114239
1.2919283530391896
0.8206147848274069
0.6013223997915984
0.7040368154286847
0.6996034802972319
0.5424980941891776
0.5113575485592615
0.4886409579017545
0.45749892555232363
0.30039353944426944
0.296097007977611
0.40350944575865033
0.24667172010212585
0.11254761166407902
0.30482538785620744
0.695037801659529
0.8828837294397194
0.6949039714337641
0.30039353944426944
0.05855813187040569
0.004699508863467779
0.004567165357217628
0.05412479673895295
0.24640257293108137
0.4529332469146208
0.48394144903828673
0.4529332469146208
0.24640257293108137
0.05412479673895295
0.0044318484119380075
0.00013383022576488537
1.4867195147342977e-06
0.00013680366479435396
0.004699508863467778
0.06285615005657881
0.3500864877712844
0.8873155778516574
1.0938477385547118
0.7800384570158977
0.5159217404774497
0.30939106649391035
0.3502203179970493
0.6453448533325141
0.641046835146341
0.29596169103233144
0.05842281492512607
0.004565678637702893
0.00013531694527961965
0.00013383022576488537
0.0044318484119380075
0.05399096651318806
0.24197072451914337
0.3989422804014327
0.24197072451914337
0.05399096651318806
0.0044318484119380075
0.00013383022576488537
0.0
1.4867195147342977e-06
0.00013531694527961965
0.004565678637702893
0.05842876180318501
0.29649701193539096
0.6586418852878427
0.8570121879186079
1.268410267746608
1.712614751455983
1.2684117544661226
0.857144531424858
0.6630737336997808
0.35062180867434395
0.3048283612952369
0.45776807272336817
0.49307577975272193
0.5656191489630089
0.7936031494227562
1.215528194213711
1.542362770424429
1.9908626822075968
2.3399811574952794
2.1746797389726584
1.7037661747186565
1.1169779665370332
0.9017189126748972
1.1616695712067733
1.1925424563851597
1.1034147608496894
1.24183391403488
1.344949820349261
0.9955651713295632
0.6009209091143037
0.5159217404774497
0.48864095790175455
0.45306707714038563
0.24640257293108137
0.05412479673895295
0.0044318484119380075
0.00013383022576488537
0.0
0.0
0.0
0.0
0.0
0.0
0.0
0.0
0.0
0.0
0.0
0.0
0.0
0.0
1.4867195147342977e-06
0.00013383022576488537
0.0044318484119380075
0.0539924532327028
0.24210455474490825
0.4033741288133707
0.29596169103233144
0.29596169103233144
0.4033741288133707
0.24210455474490825
0.05399096651318806
0.0044318484119380075
0.00013383022576488537
0.0
0.0
0.0
0.0
0.0
0.0
0.0
0.0
0.0
0.0
0.0
0.0
0.0
0.0
0.0
0.0
0.0
0.0
0.0
0.0
0.0
0.0
0.0
0.0
2.9734390294685954e-06
0.00026766045152977074
0.008869643701934953
0.10851725392943566
0.5016688426860387
1.0138499135751324
1.4519581773406252
1.7081843897635598
1.0308713916394026
0.4626340994353634
0.47066064056237283
0.48447676994134625
0.4529332469146208
0.24640257293108137
0.05412479673895295
0.0044318484119380075
0.00013383022576488537
0.0
0.0
0.0
0.0
0.0
0.0
0.0
0.0
0.0
0.0
0.0
0.0
0.0
0.0
0.0
0.0
0.0
1.4867195147342977e-06
0.00013383022576488537
0.004433335131452742
0.05412479673895295
0.24640257293108137
0.4529332469146208
0.48394144903828673
0.4529332469146208
0.24640257293108137
0.05412479673895295
0.0044318484119380075
0.00013383022576488537
0.0
0.0
0.0
0.0
0.0
0.0
0.0
0.0
0.0
0.0
0.0
0.0
0.0
0.0
0.0
0.0
0.0
0.0
2.9734390294685954e-06
0.00026766045152977074
0.008863696823876015
0.10798193302637613
0.48394144903828673
0.7978845608028654
0.48394144903828673
0.1079849064654056
0.009131357275405786
0.009134330714435255
0.1082495934779059
0.49280514586216273
0.9058664938292416
0.9678828980765735
0.9058664938292416
0.49280514586216273
0.1082495934779059
0.008863696823876015
0.0002706338905592393
0.00026766045152977074
0.008863696823876015
0.10798193302637613
0.48394144903828673
0.7978845608028654
0.48394144903828673
0.10798193302637613
0.008863696823876015
0.00026766045152977074
0.0
0.0
0.0
0.0
0.0
0.0
0.0
0.0
0.0
0.0
0.0
0.0
0.0
0.0
0.0
0.0
0.0
1.4867195147342977e-06
0.00013383022576488537
0.0044318484119380075
0.05399096651318806
0.24197072451914337
0.3989422804014327
0.24197072451914337
0.05399096651318806
0.0044318484119380075
0.00013383022576488537
0.0
0.0
0.0
0.0
0.0
0.0
0.0
0.0
0.0
0.0
0.0
0.0
0.0
0.0
0.0
0.0
0.0
0.0
0.0
0.0
0.0
0.0
0.0
0.0
0.0
1.4867195147342977e-06
0.00013383022576488537
0.0044318484119380075
0.05399096651318806
0.24197072451914337
0.3989437671209474
0.24210455474490825
0.05842281492512607
0.05842281492512607
0.24210455474490825
0.3989422804014327
0.24197072451914337
0.05399393995221753
0.004699508863467778
0.008999013769155635
0.108115763252141
0.48837329745022473
0.8518755273160534
0.7259121735574301
0.5069257001473235
0.2509682515687843
0.05869047537665584
0.05842281492512607
0.24210604146442297
0.39907908406622705
0.24667023338261113
0.11684562985025214
0.3543845059574575
0.8830175596654843
1.0398552853220089
0.5379324155514748
0.11241378143831414
0.0089975270496409
0.00026766045152977074
0.0
0.0
0.0
1.4867195147342977e-06
0.00013383022576488537
0.0044318484119380075
0.05399096651318806
0.24197072451914337
0.3989422804014327
0.24197072451914337
0.05399096651318806
0.0044318484119380075
0.00013383022576488537
0.0
0.0
0.0
0.0
0.0
0.0
0.0
0.0
0.0
0.0
0.0
0.0
0.0
0.0
0.0
0.0
0.0
0.0
0.0
0.0
0.0
0.0
0.0
0.0
0.0
0.0
0.0
0.0
0.0
0.0
0.0
0.0
0.0
0.0
0.0
0.0
0.0
0.0
0.0
0.0
0.0
0.0
0.0
0.0
0.0
0.0
0.0
0.0
0.0
0.0
0.0
0.0
0.0
0.0
0.0
0.0
0.0
0.0
0.0
0.0
0.0
0.0
0.0
0.0
0.0
0.0
0.0
0.0
0.0
0.0
0.0
0.0
0.0
0.0
0.0
0.0
0.0
0.0
0.0
0.0
0.0
0.0
0.0
0.0
0.0
0.0
0.0
0.0
0.0
0.0
0.0
0.0
