0.49737082449986564
0.9642893087543676
1.263844589108905
1.5467794987498176
1.1337181507827387
0.40421128451023736
0.06728651174900209
0.0048363125282621326
0.00040149067729465613
0.008863696823876015
0.10798193302637613
0.48394144903828673
0.7978845608028654
0.48394144903828673
0.10798193302637613
0.008863696823876015
0.000269147171044505
0.00013531694527961965
0.004565678637702893
0.05842578836415554
0.29623529836192014
0.650314996086541
0.7668914787657487
1.004867506612041
1.9368717156944089
2.631075335096101
2.2241035401286298
1.6005164381785104
1.2738142054740427
1.031272882316697
0.9105660026927093
0.49294046280744236
0.10838342370367078
0.013295545235814023
0.05425862696471783
0.24197072451914337
0.3989422804014327
0.24197072451914337
0.05399096651318806
0.004433335131452742
0.00026766045152977074
0.00443630857048221
0.05439394390999745
0.2554030734197517
0.5656146888044647
1.0307390481331524
1.6009042954887704
1.6176595998210257
1.2559544683200408
0.7933325155321971
0.5161894009289795
0.30496070480148707
0.2963631817096261
0.40780895066433814
0.2963646684291408
0.30496070480148707
0.5159217404774497
0.784468818708321
1.1478387050678998
1.1294201325965658
0.753460616584655
0.3588163543693955
0.30066714677385814
0.40404476666170985
0.2599672653379399
0.27452199792315796
1.0308713916394026
1.8962979779952802
1.6629206997361026
1.1032794439044098
0.7666223315947042
0.5428995848664724
0.45749892555232363
0.24653640315684625
0.054126283458467685
0.004565678637702893
0.004565678637702893
0.05399096651318806
0.24197072451914337
0.3989437671209474
0.24210455474490825
0.05842281492512607
0.05842281492512607
0.24210752818393771
0.3992114275724772
0.2509682515687843
0.16640772139053164
0.542640844732031
1.0496587671652684
1.0177288735477976
1.1671050931641054
2.4338440229560097
3.5284766493397317
3.0926005415511733
2.121562692610995
1.3449634537162953
0.9785216655705358
0.6099214096029741
0.6465849864261901
1.057719482634555
0.9958343185006079
0.8968826001466351
1.215123730097387
1.425515653854662
1.389941773093293
0.9457383927767835
0.3546521664089873
0.06298998028234369
0.004833339089232664
0.004565678637702893
0.0539924532327028
0.24210604146442297
0.4035079590391356
0.30039502616378416
0.35009243464934336
0.6503179695255705
0.7133020029298552
0.7717589921972587
1.6457805115326172
2.868881871654836
2.922871351448509
1.9461740509768861
1.4713639592140053
1.6591771993714333
1.7000049641550572
1.60091941557532
1.8117466210255178
2.1832742886254906
2.331383634403418
1.882880749181221
1.0584198346666276
0.41750682974605136
0.3052268785335021
0.4036432759844152
0.24223987169018785
0.058565565467979364
0.06365913141116812
0.322821928675004
0.9694274560764367
2.1514278274120917
2.99444522145568
2.259543590664233
1.4666659370700523
1.282948536188478
1.2826470847213203
1.480612539909112
1.582099352426691
2.004981749773243
2.2630044531535396
1.8431426804594437
0.8471926252586497
0.17150723421177935
0.022562219456499426
0.11294910234137367
0.5423642639634128
1.0938477385547118
1.1249882841846277
0.7533267863588903
0.35881932780842496
0.3009303470668437
0.41250994624732074
0.3549228002995465
0.6054910479105508
1.2155296809332259
1.7306131623209435
2.206396830118836
2.4883747705308012
2.753729750116761
3.008856242767894
3.3541093914499465
3.9815930209089436
4.406677476722047
3.7348886131840553
2.201840324689624
1.2880822233520033
1.2602319455309714
1.3994761077655087
1.2419692309801598
1.0539879862546897
1.004298011366704
0.9958328317810932
0.9503040714144864
0.807457529975902
0.7850041396113806
0.8741685996015084
0.7044724804482566
1.0761354649935089
1.6093338140125895
1.0311539192860797
0.571689647706888
0.9991912076105989
1.8314112734685863
3.474236499227242
4.962863050289194
4.1067347223839
3.5123537680486736
4.227305518409309
4.300070993734627
3.67716912373003
2.6673643046494417
1.5797444094786468
1.4440802031992808
1.9055616787769358
1.3716585175672389
0.45807139423668997
0.07198602061246986
0.013832352858388299
0.10825256691693536
0.4886454180602987
0.8611422015367388
0.847329428923444
1.1578072180401724
1.8464863195290493
2.197661016642666
2.2680057968108143
2.3586629302595985
1.9183237731558542
1.260923124354553
0.5649249967003975
0.22979473219162583
0.6009223958338185
1.2822289872379617
1.286391688478855
0.6503461969897889
0.4128073208825836
0.6500443621959818
0.6411821520916205
0.29609552125809635
0.06285615005657881
0.058690475376655844
0.24653640315684625
0.4529332469146208
0.48394144903828673
0.4529332469146208
0.24640405965059609
0.05425862696471784
0.008863696823876015
0.05412479673895295
0.24197221123865809
0.3990761106271976
0.24640257293108137
0.10798193302637613
0.24640257293108137
0.3990761106271976
0.24197072451914337
0.05399096651318806
0.0044318484119380075
0.00013383022576488537
0.0
0.0
0.0
0.0
0.0
2.9734390294685954e-06
0.00026766045152977074
0.008863696823876015
0.10798193302637613
0.48394293575780145
0.7980183910286303
0.48837329745022473
0.16197587297859364
0.2511020817945491
0.40807363767683846
0.3499526575455195
0.5379324155514748
0.8023178959343181
0.48420910948981655
0.11241378143831414
0.06285615005657881
0.24237518863546748
0.4036432759844152
0.30495921808197235
0.40837547247064554
0.9413080310843602
1.282093670292682
0.9413080310843602
0.4085093026964105
0.30939106649391035
0.45763424249760326
0.48421208292884593
0.45763424249760326
0.30939106649391035
0.4085107894159251
0.9414433480296398
1.2866652958084437
1.000264680193031
0.7220660438702438
1.1619773528786392
2.0175431519613563
2.210387066633143
1.6055192685553001
1.9958640258648719
2.985027149473016
2.5157330386325096
1.2600044062997775
0.7998442428470578
1.2462452214715751
1.9289830816250593
2.290419449281649
2.7037495610931233
2.138016162149443
1.2970679870807735
1.2332526144224338
1.2556647801737533
1.3950769469763329
1.8286221222165029
1.7394587656192406
0.8384612719410238
0.17110425681496996
0.01799802753831127
0.054663091081041955
0.25110505523357857
0.5160585441422441
0.8430284372982415
1.4529332400951513
1.8873170577517029
1.9911303426591267
2.003892053711396
2.04498747894655
2.1292833221123018
1.851872547057555
1.0849961883783554
0.5700465372164026
0.2555354169260019
0.05452777413576234
0.0089975270496409
0.05855813187040569
0.29609700797761107
0.645483143716823
0.6997387972425114
0.6053601911238154
0.8664201259626318
1.4484778772689415
2.0358723451505587
2.771202974017301
4.101585915133824
4.1286986931414775
2.2782434569541308
1.2165525513970643
1.565598601168297
2.296462823954175
2.5157819497346874
2.7889318543845687
3.8381710373469633
4.249133452155391
3.192826184014449
1.7981985354247234
1.2832132232009785
0.9597045758609367
0.64658498642619
0.7083348336148577
0.7041691589349347
0.5964920341413951
0.7535959335299347
0.8964499085660926
0.8077207302688877
0.847323482045385
1.2108331455087875
1.4260509747577215
1.4121010151529831
1.2156932253427237
1.564505789004704
2.0576998955699923
1.2145531314591846
0.2700886627917052
0.022159242059690037
0.0006691511288244268
0.0
0.0
0.0
0.0
0.0
0.0
0.0
0.0
0.0
0.0
4.460158544202893e-06
0.0004148711529272648
0.014504477426242194
0.2022729196804188
1.226217873291262
3.573870618750424
5.53681677494248
6.246175103011758
8.029486830884357
8.812651244646343
6.084968037045477
3.4048222368017704
2.610328703084142
2.4357146726776877
2.1481033852609306
1.488504147417491
0.8165829403732489
0.3635158632328633
0.30079651684107883
0.40364476270392996
0.24680703704740548
0.11711329030178191
0.36324968950084824
0.9911362963566548
1.5284992166627929
1.3989407868624488
0.9553054150717613
1.1122784576735656
1.5870528883746544
1.5824872097369513
1.0492884773912217
0.6009238825533332
0.4623367248001005
0.25593542088378185
0.17540376172065783
0.6504815139350685
1.5284962432237634
1.739192591887226
1.1299896278419028
0.816182936415469
0.7086010073468727
0.5427657546407074
0.5113560618397468
0.4885071276759896
0.45306856385990035
0.24653640315684625
0.05855664515089096
0.058424301644640804
0.24223987169018785
0.4035079590391356
0.30039353944426944
0.3499526575455195
0.6453478267715436
0.6413144955978708
0.30482538785620744
0.1664047479515022
0.48850712767598964
0.7980213644676597
0.4842105962093312
0.11698094679553175
0.12141130848795503
0.5426334111344573
1.093980082060962
1.1292877890903157
0.8030197346859052
0.5512294475068036
0.5117575525170415
0.4929404628074423
0.5071918738793385
0.49280663258167745
0.5071918738793385
0.49280514586216273
0.5070580436535737
0.48837329745022473
0.45306707714038563
0.24640257293108137
0.05412479673895295
0.0044318484119380075
0.00013531694527961965
0.00013531694527961965
0.004567165357217628
0.05855664515089096
0.30039353944426944
0.694903971433764
0.8828852161592341
0.695037801659529
0.30482538785620744
0.11254761166407902
0.24653640315684625
0.3990761106271976
0.24197072451914337
0.0539924532327028
0.004565678637702893
0.004565678637702893
0.05399096651318806
0.24197072451914337
0.3989422804014327
0.24197072451914337
0.05399096651318806
0.0044318484119380075
0.00013383022576488537
0.0
0.0
0.0
1.0407036603140084e-05
0.0009457318974426034
0.03182889367718483
0.40479551651547424
2.026606054256523
4.3525360731770295
4.575822051492825
2.68163664002323
1.0808809115201246
0.5344521154797911
0.2516374026976087
0.054260113684232565
0.004565678637702893
0.004565678637702893
0.0539924532327028
0.24210455474490825
0.4033756155328854
0.29609552125809635
0.30039353944426944
0.4573650953265588
0.4840752792640516
0.4529332469146208
0.24640257293108137
0.05412479673895295
0.0044318484119380075
0.00013383022576488537
0.0
0.0
0.0
1.0407036603140084e-05
0.0009397850193836662
0.03129059933509582
0.38680194913570715
1.8019108348861446
3.2809692602602536
2.545670598950057
1.1038504258692614
0.5380809825371398
0.2562045680548263
0.10838342370367077
0.2508359080625341
0.45320388080518004
0.4886424446212692
0.5159217404774497
0.6007870788885389
0.9910009794113751
1.286391688478855
0.9414403745906105
0.4083754724706456
0.30496070480148707
0.40377561949066537
0.24653640315684625
0.10798193302637613
0.24640257293108137
0.3990761106271976
0.24197072451914337
0.05399096651318806
0.004433335131452742
0.00026766045152977074
0.0044318484119380075
0.05399096651318806
0.24197072451914337
0.3989422804014327
0.24197221123865809
0.05412479673895295
0.008863696823876015
0.05412479673895295
0.24197072451914337
0.3989422804014327
0.24197072451914337
0.05399096651318806
0.0044318484119380075
0.00013383022576488537
0.0
0.0
0.0
0.0
0.0
0.0
0.0
1.4867195147342977e-06
0.00013383022576488537
0.0044318484119380075
0.05399096651318806
0.24197072451914337
0.3989422804014327
0.24197072451914337
0.05399096651318806
0.0044318484119380075
0.00013383022576488537
0.0
0.0
0.0
0.0
0.0
0.0
0.0
0.0
0.0
0.0
0.0
0.0
0.0
0.0
0.0
0.0
0.0
0.0
0.0
0.0
0.0
0.0
0.0
0.0
1.4867195147342977e-06
0.00013383022576488537
0.0044318484119380075
0.05399096651318806
0.24197072451914337
0.3989422804014327
0.24197072451914337
0.05399096651318806
0.0044318484119380075
0.00013383022576488537
0.0
0.0
0.0
0.0
0.0
0.0
0.0
0.0
0.0
0.0
0.0
0.0
0.0
0.0
0.0
0.0
0.0
0.0
0.0
0.0
0.0
0.0
0.0
0.0
0.0
0.0
0.0
0.0
0.0
0.0
0.0
0.0
0.0
0.0
0.0
0.0
0.0
0.0
0.0
0.0
0.0
0.0
0.0
0.0
0.0
0.0
0.0
0.0
0.0
0.0
2.9734390294685954e-06
0.000269147171044505
0.008999013769155635
0.11254909838359375
0.5424995809086923
1.098413417192415
1.183411099109754
1.0492884773912219
0.9997308460094863
0.9417095217616549
0.7040353287091698
0.3589501845951604
0.35451982290273715
0.6456125137840438
0.645478683558279
0.3499526575455195
0.30039353944426944
0.4035079590391356
0.24210455474490825
0.05399096651318806
0.0044318484119380075
0.00013383022576488537
0.0
0.0
0.0
0.0
0.0
0.0
0.0
0.0
0.0
0.0
0.0
0.0
0.0
0.0
0.0
0.0
0.0
0.0
0.0
0.0
0.0
0.0
0.0
0.0
0.0
0.0
0.0
0.0
0.0
0.0
0.0
0.0
0.0
0.0
0.0
0.0
0.0
0.0
0.0
0.0
0.0
0.0
0.0
0.0
0.0
0.0
4.460158544202893e-06
0.00040149067729465613
0.013297031955328758
0.16210672976532906
0.7303440219693681
1.2508178077174863
0.9678828980765735
0.5609151799409968
0.25526626975495736
0.05439394390999745
0.004565678637702893
0.004565678637702893
0.05399096651318806
0.24197072451914337
0.3989422804014327
0.24197072451914337
0.05399096651318806
0.0044318484119380075
0.00013383022576488537
0.0
0.0
0.0
0.0
0.0
0.0
0.0
0.0
0.0
0.0
0.0
0.0
0.0
0.0
0.0
0.0
0.0
0.0
0.0
0.0
0.0
0.0
0.0
0.0
0.0
0.0
0.0
0.0
0.0
0.0
0.0
0.0
0.0
0.0
0.0
0.0
0.0
0.0
0.0
0.0
0.0
0.0
0.0
0.0
0.0
0.0
0.0
1.4867195147342977e-06
0.00013383022576488537
0.004433335131452742
0.054126283458467685
0.24653640315684625
0.4573650953265588
0.5379324155514748
0.6949039714337641
0.6453448533325141
0.2960955212580963
0.05842281492512607
0.004565678637702893
0.00013383022576488537
0.0
0.0
0.0
0.0
0.0
0.0
0.0
0.0
0.0
0.0
0.0
0.0
0.0
0.0
0.0
0.0
0.0
0.0
0.0
0.0
0.0
0.0
0.0
0.0
0.0
0.0
0.0
0.0
0.0
0.0
0.0
0.0
0.0
0.0
0.0
0.0
0.0
0.0
0.0
0.0
0.0
0.0
0.0
0.0
0.0
0.0
0.0
0.0
0.0
0.0
0.0
0.0
0.0
0.0
0.0
0.0
0.0
0.0
0.0
0.0
0.0
0.0
2.9734390294685954e-06
0.00026766045152977074
0.008866670262905484
0.10825256691693537
0.4930728063136925
0.9147301906531176
1.0758648311029495
1.3898079428675283
1.290691193384543
0.5923263594614722
0.12141279520746977
0.06768800242629675
0.3006626866153139
0.6950378016595289
0.8873155778516574
0.7488949379469522
0.5423642639634128
0.45749892555232363
0.24653640315684625
0.054126283458467685
0.004565678637702893
0.004567165357217628
0.05412479673895295
0.24640257293108137
0.4529332469146208
0.48394293575780145
0.4530670771403857
0.25083442134301936
0.108115763252141
0.24640257293108137
0.3990761106271976
0.24197072451914337
0.05399096651318806
0.0044318484119380075
0.00013383022576488537
0.0
0.0
0.0
0.0
0.0
0.0
0.0
0.0
0.0
0.0
1.4867195147342977e-06
0.00013383022576488537
0.0044318484119380075
0.05399096651318806
0.24197072451914337
0.3989422804014327
0.24197221123865809
0.05412479673895295
0.008863696823876015
0.05412479673895295
0.24197072451914337
0.3989422804014327
0.24197072451914337
0.05399096651318806
0.0044318484119380075
0.00013383022576488537
0.0
0.0
0.0
0.0
0.0
1.4867195147342977e-06
0.00013383022576488537
0.0044318484119380075
0.05399096651318806
0.24197221123865809
0.3990761106271976
0.24640257293108137
0.10798193302637613
0.24640257293108137
0.3990761106271976
0.24197072451914337
0.05399096651318806
0.0044318484119380075
0.00013383022576488537
0.0
0.0
0.0
0.0
0.0
0.0
0.0
0.0
1.4867195147342977e-06
0.00013531694527961965
0.004565678637702893
0.05842281492512607
0.29596169103233144
0.640913004920576
0.640913004920576
0.29596169103233144
0.05842281492512607
0.004565678637702893
0.00013383022576488537
1.4867195147342977e-06
0.00013383022576488537
0.0044318484119380075
0.05399096651318806
0.24197072451914337
0.3989422804014327
0.24197072451914337
0.05399096651318806
0.0044318484119380075
0.00013383022576488537
0.0
0.0
0.0
0.0
1.4867195147342977e-06
0.00013383022576488537
0.0044318484119380075
0.05399096651318806
0.24197072451914337
0.3989422804014327
0.24197072451914337
0.0539924532327028
0.004567165357217628
0.004705455741526716
0.05895813582818561
0.3136890846800835
0.8568768709733283
1.6087959029971495
1.8917308126380623
1.0263057130016995
0.22053103140996985
0.017995054099281798
0.004967169314997549
0.05399096651318806
0.24197072451914337
0.3989422804014327
0.24197072451914337
0.05399096651318806
0.0044318484119380075
0.00013383022576488537
1.4867195147342977e-06
0.00013531694527961965
0.004574598954791299
0.05922579627971538
0.3225542682234742
0.9649956076644987
2.0974383476184184
2.7526053537232715
1.864769958381753
1.2702195127589715
1.3758374422875472
1.3416227880857192
1.4793727901420852
1.5062179076982085
0.838593615447274
0.40850930269641045
0.4123716558630116
0.24237221519643803
0.0539924532327028
0.004565678637702893
0.004565678637702893
0.05399096651318806
0.24197221123865809
0.3990761106271976
0.24640257293108137
0.10798341974589086
0.24653640315684625
0.4035079590391356
0.2959646644713609
0.2962293514838612
0.4122422857957909
0.3504909518876085
0.5515075149949364
0.9742281075429068
1.353828637259686
2.2342411610618096
3.6392657971397884
4.671882019276178
3.7466752614817977
2.0729715869933467
1.1655782453631716
0.9202326808711746
0.4932066365394574
0.1082495934779059
0.008863696823876015
0.000269147171044505
0.00013383022576488537
0.004433335131452742
0.05412479673895295
0.24640257293108137
0.4529332469146208
0.48394144903828673
0.452937707073165
0.24680406360837603
0.0674218286942817
0.16653857817726708
0.730477852195133
1.2508178077174863
0.9678828980765735
0.5609151799409968
0.25526626975495736
0.05439245719048272
0.0044318484119380075
0.00013383022576488537
1.4867195147342977e-06
0.00013383022576488537
0.0044318484119380075
0.05399096651318806
0.24197072451914337
0.3989422804014327
0.24197072451914337
0.05399096651318806
0.0044318484119380075
0.00013383022576488537
0.0
0.0
0.0
0.0
0.0
0.0
0.0
0.0
1.4867195147342977e-06
0.00013383022576488537
0.0044318484119380075
0.05399096651318806
0.24197072451914337
0.3989437671209474
0.24210604146442297
0.05855813187040569
0.06298998028234369
0.3006611998957992
0.6993373065652168
0.9370085261786723
0.9413110045233897
0.7537282770361848
0.5557936394249917
0.6194718250918878
0.9724485767142763
1.250951637943251
0.7303440219693681
0.16210672976532908
0.013295545235814023
0.00040149067729465613
0.0
1.4867195147342977e-06
0.00013383022576488537
0.0044318484119380075
0.0539924532327028
0.24210455474490825
0.4033741288133707
0.29596169103233144
0.29596169103233144
0.4033741288133707
0.24210455474490825
0.05399096651318806
0.0044318484119380075
0.00013383022576488537
0.0
0.0
0.0
1.4867195147342977e-06
0.00013383022576488537
0.0044318484119380075
0.0539924532327028
0.24210455474490825
0.4033741288133707
0.29596169103233144
0.29596169103233144
0.4033756155328854
0.24223838497067313
0.05842281492512607
0.05842727508367027
0.2425105055807471
0.4126452631926003
0.4177759769170958
0.9597372634836991
2.147566577638356
2.9447467095772546
2.725627892660898
1.5423642571439435
0.48076298376041005
0.18896696740800162
0.5970288417639694
1.2867961525951792
1.349380182041684
1.0047307029472465
1.349682016835491
1.9318718587566488
1.5781891915507784
0.6547780454017269
0.17540524844017255
0.2515050591913585
0.4082089546221181
0.3545183361832224
0.5963567171961155
1.0984119304728999
1.1294201325965658
0.802887391179655
0.5469299426011157
0.46206460419002654
0.3005273696700343
0.2960955212580963
0.4033741288133707
0.24210455474490825
0.05399096651318806
0.004434821850967476
0.00040149067729465613
0.008863696823876015
0.10798193302637613
0.48394144903828673
0.7978845608028654
0.48394144903828673
0.10798341974589086
0.0089975270496409
0.004702482302497247
0.05425862696471783
0.25083442134301936
0.5069242134278088
0.7259121735574301
0.8518755273160534
0.48837329745022473
0.108115763252141
0.008863696823876015
0.00026766045152977074
0.0
0.0
0.0
0.0
0.0
1.4867195147342977e-06
0.00013531694527961965
0.004565678637702893
0.05842281492512607
0.29596169103233144
0.640913004920576
0.640913004920576
0.29596169103233144
0.05842281492512607
0.004565678637702893
0.00013383022576488537
0.0
0.0
0.0
0.0
0.0
0.0
0.0
0.0
0.0
0.0
0.0
0.0
0.0
0.0
0.0
0.0
0.0
0.0
0.0
0.0
0.0
0.0
0.0
0.0
0.0
0.0
0.0
0.0
0.0
0.0
0.0
0.0
0.0
0.0
0.0
0.0
0.0
0.0
0.0
0.0
0.0
0.0
0.0
0.0
0.0
0.0
0.0
0.0
0.0
0.0
0.0
0.0
0.0
0.0
0.0
0.0
0.0
0.0
0.0
0.0
0.0
0.0
0.0
0.0
0.0
0.0
0.0
0.0
0.0
0.0
0.0
0.0
0.0
0.0
0.0
0.0
0.0
0.0
0.0
0.0
0.0
0.0
0.0
0.0
0.0
0.0
0.0
0.0
0.0
1.4867195147342977e-06
0.00013383022576488537
0.0044318484119380075
0.05399096651318806
0.24197072451914337
0.3989422804014327
0.24197072451914337
0.05399096651318806
0.0044318484119380075
0.00013383022576488537
0.0
0.0
0.0
0.0
0.0
0.0
0.0
0.0
0.0
0.0
0.0
0.0
0.0
1.4867195147342977e-06
0.00013383022576488537
0.0044318484119380075
0.05399096651318806
0.24197072451914337
0.3989437671209474
0.24210455474490825
0.05842281492512607
0.05842281492512607
0.24210455474490825
0.3989422804014327
0.24197072451914337
0.05399096651318806
0.0044318484119380075
0.00013383022576488537
0.0
0.0
0.0
0.0
0.0
0.0
0.0
0.0
1.4867195147342977e-06
0.00013383022576488537
0.0044318484119380075
0.053995426671732266
0.24237221519643803
0.4122378256372467
0.40394362405870754
0.7799061135096476
1.2015278367872806
0.7350450175523505
0.27452051120364324
0.5556598091992268
1.0942477425124915
1.1248544539588627
0.7488949379469523
0.30482538785620744
0.05869047537665584
0.004565678637702893
0.00013383022576488537
0.0
0.0
0.0
0.0
0.0
1.4867195147342977e-06
0.00013680366479435396
0.004699508863467778
0.06285466333706408
0.3499526575455195
0.8828837294397194
1.0398567720415237
0.5380662457772396
0.11684562985025215
0.06298849356282896
0.24223838497067313
0.3989422804014327
0.24197221123865809
0.05412479673895295
0.008863696823876015
0.05412479673895295
0.24197072451914337
0.3989422804014327
0.24197072451914337
0.05399096651318806
0.0044318484119380075
0.00013383022576488537
0.0
0.0
0.0
0.0
0.0
1.4867195147342977e-06
0.00013383022576488537
0.0044318484119380075
0.05399096651318806
0.24197072451914337
0.3989422804014327
0.24197072451914337
0.05399096651318806
0.0044318484119380075
0.00013531694527961965
0.00013531694527961965
0.004565678637702893
0.05842281492512607
0.29596169103233144
0.640913004920576
0.640913004920576
0.29596169103233144
0.05842281492512607
0.004565678637702893
0.00013383022576488537
0.0
0.0
0.0
0.0
0.0
0.0
0.0
0.0
0.0
0.0
0.0
0.0
0.0
0.0
0.0
0.0
0.0
0.0
0.0
0.0
0.0
0.0
0.0
0.0
0.0
0.0
1.4867195147342977e-06
0.00013383022576488537
0.0044318484119380075
0.0539924532327028
0.24210604146442297
0.4035079590391356
0.30039353944426944
0.3499526575455195
0.6453448533325141
0.641046835146341
0.29596169103233144
0.05842281492512607
0.004565678637702893
0.00013383022576488537
0.0
0.0
0.0
0.0
0.0
0.0
0.0
0.0
0.0
0.0
0.0
1.4867195147342977e-06
0.00013531694527961965
0.004565678637702893
0.05842281492512607
0.29596169103233144
0.6409144916400907
0.6410468351463409
0.30039353944426944
0.11241378143831413
0.24653788987636097
0.3992099408529625
0.24640257293108137
0.10798193302637613
0.24640257293108137
0.3990761106271976
0.24197072451914337
0.05399096651318806
0.004433335131452742
0.00026766045152977074
0.0044318484119380075
0.05399096651318806
0.24197221123865809
0.39908205750525655
0.24694086727317038
0.12597847384517263
0.47136545275298924
1.4795066203678502
2.3801070835273164
2.115989263596003
1.354247695473194
0.8791714299782979
0.8434284412560213
1.1031114393363677
0.9458737097220631
0.6461820090293806
0.7082039768281223
0.7000049709745265
0.5513617910130536
0.619337994866123
0.9724485767142763
1.250951637943251
0.7303455086888828
0.16224204671060868
0.017861223873516914
0.058824305602420725
0.29596169103233144
0.640913004920576
0.6409144916400907
0.29609700797761107
0.06298849356282896
0.06299146700185844
0.2963646684291408
0.6499120186897316
0.753460616584655
0.8383289284347737
1.1525367272118525
1.1382838294204418
0.8570121879186079
0.7889006671202591
0.861008371310974
0.5426319244149426
0.35451833618322237
0.4617969437384968
0.4842091094898165
0.4529332469146208
0.24640405965059609
0.05425862696471784
0.00886518354339075
0.05426160040374731
0.24667172010212585
0.4619307739642617
0.5963552304766009
0.9908656624660955
1.2862578582530901
0.9370129863372166
0.3547859966347522
0.07628403879864298
0.16667240840303196
0.726046003783195
1.1968268412042982
0.7259121735574301
0.16197289953956417
0.013295545235814023
0.00040149067729465613
0.0
0.0
0.0
0.0
0.0
0.0
0.0
0.0
0.0
0.0
7.433597573671489e-06
0.0006691511288244268
0.022159242059690037
0.26995483256594033
1.20986402963232
1.995652673746062
1.2412795388760924
0.6613209736198357
1.8823605483647108
3.5733020842352365
3.1370244857693828
1.5567851595033968
0.6772049479129468
0.47602930055466497
0.3547859966347522
0.5380677324967544
0.8024502394405683
0.48850712767598964
0.1619743862590789
0.2509712250078137
0.40391093643594494
0.30495921808197235
0.40837547247064554
0.9413065443648455
1.281959840066917
0.9368746959529075
0.3543845059574575
0.06298849356282896
0.004699508863467778
0.00013383022576488537
0.0
0.0
0.0
2.9734390294685954e-06
0.000269147171044505
0.0089975270496409
0.11241526815782887
0.5380662457772396
1.044287133733947
0.9368761826724221
0.5920572122904277
0.4662287921504348
0.3006611998957992
0.296097007977611
0.4035079590391356
0.24653788987636097
0.10811724997165574
0.2509682515687843
0.4575004122718384
0.5380677324967543
0.6994711367909817
0.7039029852029197
0.5966258643671599
0.758026295222358
0.9503040714144864
1.0449919459245633
1.1834125858292686
1.1029790958301176
0.6010547393400686
0.41294263782786317
0.7040383021481993
0.887850898754717
0.7577616082098576
0.6506138574413187
0.9503055581340011
1.1525367272118527
1.0264395432274644
0.9642893087543676
0.7349097006070711
0.5071918738793386
0.25083442134301936
0.054260113684232565
0.00457162551576183
0.005100999540762435
0.07172282031948429
0.4583360812491903
1.3801207237138202
1.9997142323839532
1.7479198683729567
1.4216544040809265
0.7977643639441351
0.40447894496176706
0.4122393123567614
0.24250604542220291
0.05842281492512607
0.05842281492512607
0.24210455474490825
0.3989437671209474
0.24210604146442297
0.058559618589920426
0.06312232378859385
0.3049636782405165
0.7492964286242468
1.1381514859141917
1.2559544683200408
1.2728436028780608
1.367932584738783
1.0354370702771054
0.8615778665563107
0.9503070448535158
0.9419786689326994
0.762458143634296
0.6593437240394299
1.0494237943365012
1.5284962432237634
1.3403826549920432
0.6503476837093036
0.35908550154044
0.4126408030340561
0.3007950301215641
0.3543845059574575
0.6993358198457021
0.8830190463849991
0.6950392883790437
0.30495921808197235
0.11697946007601703
0.3005273696700343
0.6410483218658557
0.6410542687439146
0.30106269057309387
0.13458194381509256
0.5172957037968906
1.6356576273593368
2.5653318946274473
2.7789250902381237
3.031288566167808
2.5189740483795986
2.0903883559654504
1.7618856681304607
0.8568563299980856
0.38693577936147205
0.9815799339896821
1.6006039474144784
1.0220091815350414
0.4625002692095985
0.47509248897431083
0.538469223174049
0.695037801659529
0.6497781884639668
0.3502203179970493
0.30482687457572216
0.4576327557780886
0.4885071276759896
0.5069242134278088
0.48837329745022473
0.45306707714038563
0.24640405965059609
0.05425862696471784
0.00886518354339075
0.05426011368423257
0.24653788987636097
0.45750189899135313
0.5426319244149426
0.7577601214903429
0.9954328278233132
1.183544929335519
1.156702401891776
0.8385951021667887
0.7580292686613874
0.7086010073468728
0.6010547393400686
0.8073177528720783
1.1294216193160806
1.0941139122867267
0.5467975990948655
0.16667240840303196
0.2554000999807223
0.4532068542442095
0.484478256660861
0.4707974442271672
0.4670718947253603
1.0854065993727384
1.9686840025655297
2.093461361144497
2.548183169433522
3.62098067156757
3.690452522318325
2.644936298745357
1.9465736716080169
1.1029912424776371
0.7007082964456283
0.8156119544506174
0.48447676994134625
0.10798341974589086
0.0089975270496409
0.004699508863467778
0.05399393995221753
0.24223838497067313
0.4078074639448234
0.35008797449079915
0.5424995809086923
0.8608730543656943
0.7844703054278358
0.803019734685905
0.8961792746755334
0.7491625983984819
0.5423657506829275
0.457635729217118
0.25123739873982875
0.1171132903017819
0.35881784108891024
0.9371468165629814
1.2866608356498999
1.0042965246471893
0.7628952953733826
1.2463995926725828
1.7438921007506938
1.4750747719559123
1.0537203258031598
0.7623258001280457
0.542901071585987
0.46206460419002654
0.30496219152100174
0.3503571216618436
0.6544776973274347
0.758026295222358
0.8923184082284471
1.3943736215052314
1.5328002082879955
1.045527266827623
0.6186527629205999
0.6828618093320115
1.2818411299277017
2.053972859348671
2.101734879085077
1.7133180769270848
1.0935922247507017
0.8078530737751378
0.654342380382155
0.29636318170962606
0.058424301644640804
0.004699508863467779
0.004565678637702893
0.05399096651318806
0.24197369795817283
0.39920994085296246
0.2508359080625341
0.16210672976532906
0.49280663258167745
0.8521446744870979
0.730477852195133
0.5653485150724495
0.546932916040145
0.6998756009073058
0.7086024940663875
0.6594775542651946
1.1077127790358627
1.824457934256095
1.9812956599126192
1.291259201910365
0.6549148490665213
0.4667641130534943
0.25566924715176675
0.16224204671060868
0.49293897608792764
0.8564412059537563
0.7799031400706181
0.7488949379469522
0.649776701744452
0.2962293514838612
0.05842281492512607
0.004565678637702893
0.00013383022576488537
0.0
4.460158544202893e-06
0.00040149067729465613
0.013295545235814023
0.16197289953956417
0.7259136602769448
1.1969606714300631
0.7303440219693681
0.21596386605275225
0.25526626975495736
0.39934377107872737
0.24197221123865809
0.054126283458467685
0.0089975270496409
0.05855664515089096
0.29596169103233144
0.6409144916400907
0.6410483218658556
0.30052885638954907
0.11698094679553175
0.3050930483077372
0.699469650071467
0.9368746959529074
0.936877669391937
0.699603480297232
0.30939106649391035
0.16653857817726708
0.48850712767598964
0.7980183910286303
0.48394144903828673
0.10798193302637613
0.00886518354339075
0.00040149067729465613
0.0044318484119380075
0.05399096651318806
0.24197072451914337
0.3989422804014327
0.24197072451914337
0.05399096651318806
0.0044318484119380075
0.00013383022576488537
1.4867195147342977e-06
0.00013383022576488537
0.0044318484119380075
0.05399096651318806
0.24197072451914337
0.3989422804014327
0.24197072451914337
0.05399096651318806
0.004434821850967476
0.00040149067729465613
0.008863696823876015
0.10798193302637613
0.48394144903828673
0.7978845608028654
0.48394293575780145
0.108115763252141
0.013297031955328758
0.05439245719048272
0.24640257293108137
0.4529332469146208
0.48394144903828673
0.4529332469146208
0.24640257293108137
0.05412479673895295
0.0044318484119380075
0.00013383022576488537
0.0
0.0
0.0
0.0
0.0
0.0
0.0
0.0
0.0
0.0
0.0
0.0
0.0
0.0
0.0
0.0
0.0
0.0
0.0
1.4867195147342977e-06
0.00013383022576488537
0.004433335131452742
0.05412479673895295
0.24640257293108137
0.4529347336341355
0.48407527926405164
0.4573650953265588
0.30039502616378416
0.2962293514838612
0.4078059772253087
0.2960955212580963
0.29596169103233144
0.4033741288133707
0.24210752818393771
0.054260113684232565
0.013429375461578909
0.11254909838359375
0.5380662457772396
1.044287133733947
0.9368746959529074
0.5919248687841776
0.4619322606837764
0.25124483233740247
0.1133624867747862
0.32806270531959025
1.0011180593693125
2.5469581564263954
4.899767850571953
5.965634454518897
4.501362377793094
2.080877931261626
0.7145910471257086
0.8573916509011451
1.4527652355271095
1.2332378776625335
0.8967517433598997
0.9734206660297735
0.9815799339896821
1.0139822570813826
0.9767465949004495
0.9061341542807713
0.49280514586216273
0.10825108019742063
0.009003473927699839
0.00523482976652732
0.07172430703899903
0.4584728849139846
1.3848202325772878
2.0625674090015025
2.0977416691317408
2.3003754322797523
1.7926262098025967
0.8128559041519274
0.6637755724513678
1.0536861514608824
0.9371438431239519
0.5920616724489719
0.46663028282772945
0.3139612052901574
0.45846991147495514
1.1425833343261298
1.6010396124340502
1.5103809922657512
1.421657377519956
1.0355753606614144
0.812555556077635
0.7757551755896248
0.9512750573371178
1.6946348174432504
2.223400214657527
1.8783180439825473
1.1079804394873922
0.6144856015211622
0.5747460460798705
0.7890344973460239
1.1479725352936647
1.1294216193160806
0.7535959335299346
0.3633820330070984
0.3590840148209253
0.699469650071467
0.8830175596654843
0.6949054581532789
0.30052736967003435
0.06298849356282897
0.05855664515089096
0.24210455474490825
0.3989422804014327
0.24197369795817283
0.054260113684232565
0.013429375461578909
0.11254761166407902
0.5379339022709895
1.0399891155477738
0.8873155778516574
0.4039436240587076
0.30482538785620744
0.40364178926490046
0.24210455474490825
0.05399096651318806
0.0044318484119380075
0.00013383022576488537
0.0
0.0
0.0
0.0
1.4867195147342977e-06
0.00013383022576488537
0.0044318484119380075
0.05399096651318806
0.24197072451914337
0.3989422804014327
0.24197072451914337
0.0539924532327028
0.004567165357217628
0.004699508863467779
0.05842281492512607
0.29596169103233144
0.640913004920576
0.640913004920576
0.29596169103233144
0.05842281492512607
0.004565678637702893
0.00013383022576488537
0.0
0.0
0.0
0.0
0.0
0.0
0.0
0.0
0.0
0.0
0.0
0.0
1.4867195147342977e-06
0.00013383022576488537
0.004439282009511679
0.0546690379591009
0.2649388948114817
0.6960250110615752
1.793634343506535
3.7211915772709463
4.638810545055653
3.6720666374697535
2.250864121887814
1.5251854344396367
0.9599722363124664
0.413476472011408
0.36338500644612787
0.6998726274682764
0.8920165734346399
0.8074515830978432
0.8427592901271969
1.1525367272118527
1.1338594146060776
0.8036992928513326
0.569892166015395
0.7586120139471095
1.8344621082901593
3.747196949017823
4.065304248742811
2.2598454254580402
1.0410104992920974
0.6727404118782461
0.30146418125038854
0.11684562985025214
0.3005273696700343
0.641046835146341
0.640913004920576
0.29596169103233144
0.058424301644640804
0.004699508863467779
0.004565678637702893
0.05399096651318806
0.24197072451914337
0.3989422804014327
0.24197072451914337
0.05399096651318806
0.0044318484119380075
0.00013383022576488537
0.0
0.0
0.0
0.0
0.0
0.0
0.0
0.0
0.0
1.4867195147342977e-06
0.00013531694527961965
0.004565678637702893
0.058424301644640804
0.29609552125809635
0.645344853332514
0.694903971433764
0.5379324155514749
0.4573650953265588
0.24653640315684625
0.054126283458467685
0.004565678637702893
0.004568652076732362
0.05425862696471783
0.25083442134301936
0.5069242134278088
0.7259121735574301
0.8518755273160534
0.48837329745022473
0.10811724997165574
0.0089975270496409
0.0047009955829825124
0.054126283458467685
0.24653788987636097
0.4574989255523237
0.5423642639634128
0.7488949379469522
0.8873155778516575
0.695037801659529
0.30039353944426944
0.05855664515089096
0.004565678637702893
0.00013383022576488537
0.0
1.4867195147342977e-06
0.00013383022576488537
0.0044318484119380075
0.05399096651318806
0.24197072451914337
0.3989422804014327
0.24197072451914337
0.05399096651318806
0.004433335131452742
0.00026766045152977074
0.0044318484119380075
0.05399096651318806
0.24197072451914337
0.39894822727949164
0.24250753214171764
0.07185219038670497
0.22482756287662825
1.0220076948155263
1.8377398461248742
1.366826665197521
0.4580684207976605
0.07615318201190757
0.05922579627971538
0.2509682515687843
0.5069242134278088
0.7259136602769448
0.852010844261333
0.49294046280744236
0.16667389512254668
0.30939106649391035
0.6996049670167466
0.937010012898187
0.9414403745906104
0.7577586347708282
0.5964890607023657
0.699469650071467
0.645478683558279
0.2960955212580963
0.05842281492512607
0.004565678637702893
0.00013383022576488537
0.0
0.0
2.9734390294685954e-06
0.0002750940491034422
0.009541768269788847
0.13094712987968493
0.780759492685929
2.340956603576455
4.052423827551325
4.379570262265804
3.5250695414377953
3.259693637549943
3.143952440521439
2.8208753813690737
3.417084251645741
3.6666462355989715
2.9779656473905787
2.0667496904874896
1.4136073219786742
1.2599642850794415
1.2652196558212114
1.2731112633295907
1.3679310980192683
1.0353032400513404
0.8571475048638875
0.8964588288831812
0.7052472343386276
0.44450238433400346
0.9968557022449315
3.0173022254350617
5.002314261640996
4.630519316916143
2.937172056949232
1.6504917837169555
0.9695452054855032
1.0550601147803234
1.313250439402013
1.211532010821345
1.618502702395951
2.3090740979746154
1.7396106893705843
1.2256661984735406
2.0175905763440194
2.9862598489691186
3.1695757591733975
2.981594514447928
2.591080265850799
1.7535929532714363
0.901720399394412
0.5254649954667533
0.319460722069185
0.48936050685227106
1.5117932067593647
3.1915522599051447
3.8818946295331016
2.667926496732452
1.826148469129243
1.950454118300197
2.18491888583549
2.882883715800781
3.205819894456456
2.6813514120354873
2.6687588089441254
3.0301621056513035
2.8431411869204597
2.0802966726954186
1.516186420670481
1.0178597303345331
0.7050063146318014
0.9503055581340011
1.0986795909244296
0.7844688187083211
0.5653470283529348
0.49293897608792764
0.45320090736615054
0.24640703308962555
0.054526287416247605
0.0177303670867815
0.1623773636558883
0.7350465042718654
1.31394013150608
1.3267022258849983
1.5520499895781368
1.7880620178844087
1.502757045208902
1.1431513428519517
1.2109595421369788
1.1339858112342687
0.749162598398482
0.30482687457572216
0.058824305602420725
0.0089975270496409
0.05412479673895295
0.24197072451914337
0.3989422804014327
0.24197072451914337
0.0539924532327028
0.004567165357217628
0.004699508863467779
0.058424301644640804
0.2960984946971258
0.6456140005035585
0.7039029852029196
0.6504815139350686
0.9998631895157364
1.3448174768430108
1.2332393643820485
1.0042965246471893
0.8164505968669988
0.8431622675240062
1.1571038925690704
1.192408626159395
1.1034132741301745
1.241706030687174
1.3410518061208676
0.9591692549578771
0.5706160324617394
1.0353032400513404
1.6544595969823868
1.2099874528214816
0.614906146454185
0.2596981181668954
0.054526287416247605
0.0044318484119380075
0.00013383022576488537
1.4867195147342977e-06
0.00013383022576488537
0.0044318484119380075
0.0539924532327028
0.24210455474490825
0.4033785889719149
0.29636466842914083
0.30939106649391035
0.5697818502039024
1.0222783287060855
1.5019198895120351
1.2461334189405677
0.9961376400139297
1.353813517173137
1.349647842493214
0.9464476651259441
1.054257133425734
1.3088215644291044
1.1578072180401722
1.385257384316375
2.013275951351782
1.913888951304887
1.5519161593523723
1.1967096177845973
0.7585616161254176
0.36781685485806587
0.4089107933737051
0.8963145916208131
1.1481048787999146
1.026308686440729
0.9645569692058974
0.7437733974309471
0.6151738069057148
0.7347758703813061
0.8521431877675832
0.48837329745022473
0.108115763252141
0.008863696823876015
0.00026766045152977074
0.0
0.0
0.0
0.0
0.0
1.4867195147342977e-06
0.00013680366479435396
0.004702482302497247
0.06312381050810859
0.3589501845951604
0.9952975108780335
1.5777877008734837
1.5777877008734835
0.995300484317063
0.35921784504669013
0.07198602061246986
0.1126814418898439
0.48407676598356636
0.7980213644676597
0.4886409579017545
0.17083808308295492
0.3589501845951604
0.8875832383031872
1.093846251835197
0.7799031400706181
0.5113560618397468
0.2509682515687843
0.054260113684232565
0.004565678637702893
0.004565678637702893
0.05399096651318806
0.24197072451914337
0.3989422804014327
0.24197072451914337
0.05399096651318806
0.0044318484119380075
0.00013531694527961965
0.00013383022576488537
0.004434821850967476
0.05425862696471783
0.25083442134301936
0.5069257001473235
0.7260474905027097
0.8564441793927857
0.5470652595463953
0.41307498133411336
0.7621904831827662
1.1791130809235806
1.3358169763543402
0.9413065443648454
0.35451833618322237
0.06298849356282896
0.004699508863467778
0.00013383022576488537
0.0
1.4867195147342977e-06
0.00013977710382382256
0.004970142754027018
0.0719875073319846
0.4669321176215365
1.479240446635835
2.3758075786216284
2.0662948285494736
1.1617052322685653
0.6640476930614417
0.713569663381385
0.7670267957110283
0.946709378699415
1.6450756993420004
2.0354204566515723
1.7213435146612286
1.264682848198637
0.7934663457579619
0.5117575525170415
0.2509682515687843
0.05425862696471783
0.0044318484119380075
0.00013383022576488537
0.0
1.4867195147342977e-06
0.00013383022576488537
0.004434821850967476
0.05425862696471783
0.2508359080625341
0.5070595303730884
0.730477852195133
0.9102983422411794
0.7843349884825561
0.749028768172717
0.649776701744452
0.2962293514838612
0.05842281492512607
0.004565678637702893
0.00013680366479435396
0.00026766045152977074
0.00886518354339075
0.10811724997165574
0.48850712767598964
0.8563073757279914
0.7799031400706181
0.7488979113859816
0.6500443621959818
0.3050930483077372
0.1664047479515022
0.48850712767598964
0.7980183910286303
0.48394144903828673
0.10798193302637613
0.00886518354339075
0.00040149067729465613
0.004433335131452742
0.05412479673895295
0.24640257293108137
0.4529347336341355
0.48407527926405164
0.4573665820460735
0.30052736967003435
0.3005273696700343
0.4573650953265588
0.4840752792640516
0.4529332469146208
0.24640405965059609
0.05426011368423257
0.008999013769155635
0.058690475376655844
0.30039353944426944
0.694903971433764
0.8828837294397194
0.6949069448727936
0.3006626866153139
0.06755714563956132
0.11725455412512048
0.5476020671689695
1.1702700677376636
1.646179028770882
2.4834031410572597
3.2416849500836276
3.0975706843051998
2.4802080689733192
1.7530697790158962
1.8572753813921241
2.182707766819183
1.632581648741261
0.6636432289451176
0.22966090196586092
0.4976399716709101
0.8522799914323775
0.7306116824208979
0.5697788767648728
0.6007885656080536
0.9372761866302021
1.0487189821458849
0.5920601857294572
0.3546581132870462
0.41733882517800913
0.3679477116448013
0.7538992550432564
1.7704669677429066
2.088711071132688
1.1841144245808553
0.717632708738791
0.9238615479285234
0.968418218979633
0.9058709539877857
0.49321258341751634
0.12208937993386787
0.18937291824384048
0.9692745715949438
2.506785909404561
4.002900370511866
4.657933929717604
4.0614555289432435
2.811611297260769
1.7180327058771019
1.3099234071384713
1.1660999328991966
0.8387274456730388
0.7534621033041699
0.6500473356350113
0.30092886034732896
0.12127747826219014
0.3545198229027371
0.8831513898912492
1.044287133733947
0.5919248687841775
0.35451982290273715
0.41250994624732074
0.30106269057309387
0.3632482027813335
0.8073177528720783
1.366959008703771
1.4927885322366294
0.7843349884825561
0.16653857817726708
0.013430862181093642
0.0005353209030595415
0.0044318484119380075
0.05399096651318806
0.24197072451914337
0.3989437671209474
0.24210455474490825
0.05842281492512607
0.058424301644640804
0.24223838497067313
0.4033741288133707
0.2959646644713609
0.29623232492289064
0.41250548608877646
0.35895018459516037
0.6459158352973656
1.286391688478855
1.2863946619178845
0.6461879559074396
0.36821983225487526
0.5341844550282613
0.9554392452975261
1.981731324932191
2.810054592613386
2.2728269892525272
0.950875053379338
0.18453660571557834
0.07252282823504415
0.30536219547878174
0.753460616584655
1.1832787556035038
1.3899447465323227
1.1879767777474566
0.8163152799217192
0.6549133623470066
0.9417095217616549
1.0489866425974148
0.5964905474218805
0.4085107894159252
0.6544762106079198
0.699607940455776
0.5923248727419576
0.7126313650815161
0.8074515830978432
1.0220091815350412
1.2553834863551891
0.7349111873265857
0.21623152650428204
0.2596996048864101
0.45346856781768036
0.48837329745022473
0.5069271868668382
0.4886409579017545
0.46193226068377635
0.3545183361832224
0.5424980941891777
0.8563103491670209
0.7263136642347249
0.5157893969711995
0.35895167131467515
0.5427657546407074
0.8607407108594441
0.7801708005221479
0.7533267863588902
0.70376766825764
0.5382000760030046
0.4573665820460735
0.24667023338261113
0.05855664515089096
0.05842281492512607
0.24210455474490825
0.3989422804014327
0.24197072451914337
0.05399096651318806
0.0044318484119380075
0.00013383022576488537
0.0
1.4867195147342977e-06
0.00013383022576488537
0.0044318484119380075
0.05399096651318806
0.24197221123865809
0.3990761106271976
0.24640257293108137
0.10798193302637613
0.24640257293108137
0.39907759734671233
0.24210455474490825
0.05842281492512607
0.05842281492512607
0.24210455474490825
0.3989422804014327
0.24197072451914337
0.0539924532327028
0.004565678637702893
0.004565678637702893
0.05399096651318806
0.24197221123865809
0.3990761106271976
0.24640554637011083
0.10825256691693537
0.25553541692600185
0.5160570574227293
0.8384597852215091
1.3942397912794664
1.5822210360049365
1.2331055341562835
0.7623243134085311
0.3635158632328633
0.354653653128502
0.6456140005035585
0.6456125137840438
0.35438599267697224
0.3545183361832224
0.6499120186897317
0.6951716318852939
0.5423642639634129
0.5113560618397468
0.4885071276759896
0.45306707714038563
0.24640257293108137
0.05412479673895295
0.0044318484119380075
0.00013383022576488537
0.0
0.0
0.0
0.0
0.0
0.0
0.0
0.0
1.4867195147342977e-06
0.00013383022576488537
0.0044318484119380075
0.05399096651318806
0.24197072451914337
0.3989422804014327
0.24197221123865809
0.05412479673895295
0.008863696823876015
0.05412479673895295
0.24197072451914337
0.3989422804014327
0.24197072451914337
0.05399096651318806
0.0044318484119380075
0.00013383022576488537
0.0
0.0
0.0
0.0
4.460158544202893e-06
0.00040149067729465613
0.013295545235814023
0.16197587297859364
0.7261798340089599
1.205692024747689
0.8340279368095711
0.6503461969897889
0.8651710725518674
0.7263136642347248
0.5069242134278088
0.25083442134301936
0.054260113684232565
0.004565678637702893
0.004565678637702893
0.05399096651318806
0.24197072451914337
0.3989422804014327
0.24197072451914337
0.05399096651318806
0.004433335131452742
0.00026766045152977074
0.004433335131452742
0.054126283458467685
0.24653640315684625
0.4573650953265588
0.5379339022709895
0.6950392883790437
0.649910531970217
0.35451833618322237
0.3543845059574575
0.645478683558279
0.641046835146341
0.29596169103233144
0.05842281492512607
0.004565678637702893
0.00013383022576488537
0.0
0.0
0.0
0.0
0.0
0.0
1.4867195147342977e-06
0.00013383022576488537
0.0044318484119380075
0.05399096651318806
0.24197072451914337
0.3989437671209474
0.24210604146442297
0.058559618589920426
0.06312232378859385
0.3049592180819723
0.7488949379469522
1.1248559406783776
1.0939800820609618
0.5467961123753508
0.1665400648967818
0.2511020817945492
0.40364178926490046
0.29596169103233144
0.29596169103233144
0.4033741288133707
0.24210455474490825
0.05399096651318806
0.0044318484119380075
0.00013383022576488537
0.0
0.0
0.0
0.0
0.0
0.0
1.4867195147342977e-06
0.00013383022576488537
0.0044318484119380075
0.0539924532327028
0.24210455474490825
0.4033741288133707
0.29596169103233144
0.29596169103233144
0.4033741288133707
0.24210455474490825
0.05399096651318806
0.0044318484119380075
0.00013383022576488537
0.0
1.4867195147342977e-06
0.00013383022576488537
0.0044318484119380075
0.05399096651318806
0.24197072451914337
0.3989422804014327
0.24197072451914337
0.05399096651318806
0.0044318484119380075
0.00013531694527961965
0.00013531694527961965
0.004565678637702893
0.05842281492512607
0.29596169103233144
0.640913004920576
0.640913004920576
0.29596317775184616
0.05855664515089096
0.0089975270496409
0.05412777017798242
0.2422413584097026
0.40807363767683846
0.3588163543693955
0.6459158352973656
1.286391688478855
1.28639317519837
0.6460481788036158
0.3632482027813335
0.46206460419002654
0.4842091094898165
0.4529332469146208
0.24640554637011083
0.05439394390999745
0.013432348900608378
0.1128152721156088
0.5468005725338949
1.1482387090256796
1.3801207237138202
1.309810117887949
1.272708285932781
1.309508283094142
0.734909700607071
0.16224055999109396
0.013295545235814023
0.00040149067729465613
0.0
0.0
0.0
0.0
0.0
0.0
1.4867195147342977e-06
0.00013383022576488537
0.0044318484119380075
0.05399096651318806
0.24197072451914337
0.3989422804014327
0.24197221123865809
0.054126283458467685
0.00900050048867037
0.058824305602420725
0.30482984801475166
0.7492964286242468
1.1381499991946769
1.255819151374761
1.2682764375208428
1.309375939587892
0.7350450175523505
0.16680623862879684
0.0717183601609401
0.29636912858768505
0.6414542727016944
0.6591831530689612
0.5303250753006895
1.2646979682851864
2.847178978252677
3.886856235296689
3.7430831588791067
2.8074842570816676
2.6277604494800784
2.833721244891632
1.9237251207709092
1.5076260453599268
1.7120588895776807
1.2380712167517665
0.7043371635029769
0.708333346895343
0.6457478307293235
0.2962293514838612
0.06285615005657881
0.05869493553520005
0.24694384071219985
0.466765599773009
0.6637785458903972
1.3995117688273004
2.474234636000547
2.7346269064300537
2.1255547991714656
1.7664870078299557
1.516052590444716
1.3272345733490287
1.3677987545130181
0.9771480855777441
0.5656176622434941
0.3095263834391899
0.30536070875926696
0.5157893969711995
0.780175260680692
1.0986795909244296
0.9546035763201742
0.7541639420557568
1.1921454258664093
1.4978895317773921
1.0353047267708553
0.727453758118264
0.9857441219500903
1.3052102649079689
0.9723147464885115
0.5610490101667618
0.25526626975495736
0.05439394390999745
0.004565678637702893
0.004568652076732362
0.05425862696471783
0.25083442134301936
0.5069257001473235
0.726046003783195
0.8563073757279914
0.5423657506829275
0.3502203179970493
0.4122378256372467
0.2962338116424054
0.29636466842914083
0.4168079644334938
0.40891525353224933
0.8475911424969148
1.6184993456302725
2.0130086742269016
2.331249804177653
2.048582171661621
1.193114925069526
0.870573906886437
0.9054459488962189
0.8034212253631998
0.7887668368944941
0.9104336591864591
0.7306131691404125
0.5116237222912765
0.30925723626814544
0.3502203179970493
0.6453448533325141
0.6410483218658557
0.29609700797761107
0.06298849356282896
0.0629899802823437
0.2962293514838612
0.645344853332514
0.6949054581532788
0.5380692192162692
0.46206609090954126
0.3095338170367636
0.40931377077051445
0.9680314650622384
1.6103374875579834
2.442690009580956
2.990010399604712
1.9138904380244015
0.5751817110994424
0.13913870213570706
0.30119800751837345
0.6411806653721058
0.645344853332514
0.34995414426503424
0.30052736967003435
0.4079398074510736
0.2960955212580963
0.29596317775184616
0.40350944575865033
0.24667023338261113
0.11241675487734361
0.3006611998957992
0.649910531970217
0.7488949379469522
0.7799031400706182
0.8563088624475061
0.48864095790175455
0.11254761166407902
0.06285615005657881
0.24237518863546748
0.4036447627039299
0.30509602174676664
0.413076468053628
1.0042980113667042
1.6366120064759042
1.8826145754492059
1.7443277657702654
1.488371803911241
1.2155267074941967
0.8475926292164295
0.8121540654003403
0.9505717318660162
0.999998506461016
1.049425281056016
1.1881120946927364
1.1614078576333025
0.8975532379949743
1.071719840060986
1.565611708545966
2.2142824907491563
2.7530425054623584
2.397964230568938
1.7223170906962404
0.9103119756082141
0.6554501699695808
0.8655725632291622
0.7351773610586008
0.614906146454185
0.7347758703813061
0.8521431877675832
0.48837329745022473
0.108115763252141
0.00886518354339075
0.00040149067729465613
0.0044318484119380075
0.05399096651318806
0.24197221123865809
0.39907759734671233
0.24653937659587571
0.11268144188984391
0.30925723626814544
0.7490287681727171
1.1248559406783776
1.0939800820609618
0.5467990858143802
0.1668092120678263
0.2601085291612784
0.5168630122163481
0.8608926346107878
1.6735936415723422
2.9177884454333256
3.9281222552122657
3.7511100833327653
2.8709899780219774
2.1334626301592596
1.9339502509400568
1.4746527403033747
1.0772384110957414
0.8516215002315582
0.9914054435276992
1.0491249329817236
0.5518971119161132
0.2876822262136923
0.8968870603051793
1.923411139329582
1.9363066806076163
1.0591261335767586
1.0227287304855577
1.8655710696901782
2.3670913453905524
2.4392317372040293
2.187572306811663
1.753460609765186
1.3006671399543888
1.0097975281457316
0.838608352207174
1.1085484480132144
2.3082655530686167
2.882160810084586
1.559941597086516
0.3329433261287693
0.03129059933509582
0.05479394786777737
0.24197221123865809
0.39907759734671233
0.24653788987636097
0.11254909838359375
0.30495921808197235
0.6994770836690407
0.9375468205207612
0.9593015984641273
0.9781588093940626
1.6187644159694219
2.55050652815167
2.1744105918016143
1.4843741337993601
1.3809589828035524
0.9774187194683034
0.5614534742830859
0.2643976270303631
0.17123808704073487
0.5963552304766009
1.281959840066917
1.281826009841152
0.5919248687841776
0.11697946007601702
0.013563205687343795
0.054260113684232565
0.24210604146442297
0.40350944575865033
0.30052736967003435
0.35438599267697224
0.699469650071467
0.8874494080774223
0.7488949379469522
0.5423642639634128
0.45749892555232363
0.24653640315684625
0.054126283458467685
0.004567165357217628
0.004699508863467779
0.058424301644640804
0.29609552125809635
0.645344853332514
0.694903971433764
0.5379324155514749
0.4573650953265588
0.24653640315684625
0.05412479673895295
0.0044318484119380075
0.00013383022576488537
1.4867195147342977e-06
0.00013383022576488537
0.0044318484119380075
0.053995426671732266
0.2423751886354675
0.4125069728082912
0.41294115110834845
0.8923169215089323
1.7391925918872257
1.7660351193309687
1.0492884773912217
0.41724214273355104
0.30549453898503187
0.4125069728082912
0.350221804716564
0.542501067628207
0.861008371310974
0.7890374707850534
0.8615763798367961
1.1965757875588323
1.4443342302837758
1.4341116902270081
1.2603863167319787
1.0310052218651675
0.914999337824162
0.5470637728268806
0.3546566265675315
0.46219992113530617
0.4976384849513954
0.6193394815856377
1.0264395432274644
1.4973556975938473
1.183411099109754
0.6504800272155539
0.5202197586636228
0.4887747881275194
0.45306707714038563
0.24640257293108137
0.05412479673895295
0.004433335131452742
0.00026766045152977074
0.0044318484119380075
0.05399096651318806
0.24197221123865809
0.3990761106271976
0.24640257293108137
0.10798193302637613
0.24640257293108137
0.3990761106271976
0.24197072451914337
0.05399096651318806
0.0044318484119380075
0.00013383022576488537
0.0
0.0
1.4867195147342977e-06
0.00013383022576488537
0.004433335131452742
0.05412479673895295
0.24640257293108137
0.4529347336341355
0.48407527926405164
0.4573650953265588
0.30039502616378416
0.2962293514838612
0.4078059772253087
0.2960955212580963
0.29596169103233144
0.4033741288133707
0.24210455474490825
0.05399096651318806
0.004433335131452742
0.000269147171044505
0.004565678637702893
0.05842281492512607
0.29596169103233144
0.6409144916400907
0.6410468351463409
0.30039502616378416
0.112547611664079
0.2509682515687843
0.4530670771403857
0.48394144903828673
0.4529332469146208
0.24640257293108137
0.05412479673895295
0.0044318484119380075
0.00013383022576488537
0.0
0.0
0.0
0.0
0.0
1.4867195147342977e-06
0.00013531694527961965
0.004567165357217628
0.05855664515089096
0.30039353944426944
0.694903971433764
0.8828837294397194
0.6949039714337641
0.30039353944426944
0.05855664515089096
0.004565678637702893
0.00013383022576488537
0.0
0.0
0.0
0.0
0.0
0.0
0.0
0.0
0.0
0.0
0.0
0.0
0.0
0.0
0.0
0.0
0.0
0.0
0.0
0.0
0.0
1.4867195147342977e-06
0.00013383022576488537
0.0044318484119380075
0.05399096651318806
0.24197072451914337
0.3989422804014327
0.24197072451914337
0.05399096651318806
0.0044318484119380075
0.00013531694527961965
0.00013383022576488537
0.0044318484119380075
0.05399096651318806
0.24197072451914337
0.3989422804014327
0.24197072451914337
0.05399096651318806
0.0044318484119380075
0.00013383022576488537
0.0
0.0
2.9734390294685954e-06
0.00026766045152977074
0.008863696823876015
0.10798193302637613
0.48394144903828673
0.7978845608028654
0.48394144903828673
0.1079982869410382
0.010337316026804488
0.04915182320861274
0.5983324800570067
2.7156689362237647
4.630335808934904
3.0606202501120094
0.835871356164212
0.10274129904450614
0.005903980895351746
0.00013383022576488537
1.4867195147342977e-06
0.00013531694527961965
0.004565678637702893
0.058424301644640804
0.29609552125809635
0.645344853332514
0.694903971433764
0.5379324155514749
0.4573650953265588
0.24653640315684625
0.05412479673895295
0.004433335131452742
0.00026766045152977074
0.0044318484119380075
0.05399096651318806
0.24197072451914337
0.3989422804014327
0.24197072451914337
0.05399096651318806
0.0044318484119380075
0.00013383022576488537
0.0
0.0
0.0
0.0
0.0
0.0
0.0
0.0
0.0
1.4867195147342977e-06
0.00013383022576488537
0.0044318484119380075
0.05399096651318806
0.24197072451914337
0.3989437671209474
0.24210604146442297
0.05855813187040569
0.06298849356282896
0.3005273696700343
0.694903971433764
0.8828837294397194
0.6949069448727936
0.3006611998957992
0.0674218286942817
0.1126814418898439
0.48850712767598964
0.8518755273160534
0.7259121735574301
0.5069242134278088
0.25083442134301936
0.05425862696471783
0.0044318484119380075
0.00013383022576488537
0.0
1.4867195147342977e-06
0.00013531694527961965
0.004565678637702893
0.05842281492512607
0.29596169103233144
0.640913004920576
0.640913004920576
0.29596169103233144
0.05842281492512607
0.004567165357217628
0.00026766045152977074
0.0044318484119380075
0.05399096651318806
0.24197072451914337
0.3989437671209474
0.24210455474490825
0.05842281492512607
0.05842281492512607
0.24210455474490825
0.3989422804014327
0.24197072451914337
0.0539924532327028
0.004565678637702893
0.004565678637702893
0.053995426671732266
0.24237221519643803
0.4122378256372467
0.403946597497737
0.7801708005221479
1.210122386440112
0.8340279368095711
0.6459143485778509
0.8111801060386794
0.4843429397155814
0.10798787990443506
0.00940050444645029
0.01813037104456142
0.22053103140996985
1.0264395432274647
1.8961626610500004
1.6627883562298524
1.0989814257182366
0.7170632134934541
0.35491982686051704
0.30052736967003435
0.40350944575865033
0.24223838497067313
0.058424301644640804
0.05855664515089096
0.24653640315684625
0.4529332469146208
0.48394144903828673
0.4529332469146208
0.24640405965059609
0.05425862696471784
0.008863696823876015
0.05412479673895295
0.24197072451914337
0.3989422804014327
0.24197072451914337
0.05399096651318806
0.0044318484119380075
0.00013383022576488537
0.0
0.0
0.0
0.0
0.0
0.0
0.0
0.0
0.0
0.0
0.0
0.0
0.0
0.0
0.0
0.0
0.0
0.0
0.0
0.0
0.0
0.0
0.0
0.0
0.0
0.0
0.0
0.0
0.0
0.0
0.0
0.0
0.0
0.0
0.0
0.0
0.0
0.0
0.0
0.0
0.0
0.0
0.0
0.0
0.0
0.0
0.0
0.0
0.0
0.0
0.0
0.0
0.0
0.0
0.0
0.0
0.0
0.0
0.0
0.0
0.0
0.0
0.0
0.0
0.0
0.0
0.0
0.0
0.0
0.0
0.0
0.0
0.0
0.0
0.0
0.0
0.0
0.0
0.0
0.0
0.0
0.0
0.0
0.0
0.0
0.0
0.0
0.0
0.0
0.0
0.0
